"OBJECTID","POLY_ID","LAND_AREA","WATER_AREA","FRESH_AREA","OCEAN_AREA","TOTAL_AREA"
1,1001,844951,10923,718,10205,855874
2,1002,111030,0,0,0,111030
3,1003,46707,0,0,0,46707
4,1004,123419,0,0,0,123419
5,1005,185880,35167,389,34778,221047
6,1006,11357,1006,1006,0,12363
7,1007,43300,0,0,0,43300
8,1008,127562,1558,341,1217,129120
9,1009,12072,0,0,0,12072
10,1010,19657,1687,0,1687,21344
11,1011,153049,23817,74,23743,176866
12,1012,14847,0,0,0,14847
13,1013,10244,0,0,0,10244
14,1014,4132,4995,0,4995,9127
15,1015,48986,5299,0,5299,54285
16,1016,8135,0,0,0,8135
17,1017,29011,143,143,0,29154
18,1018,98937,4669,27,4642,103606
19,1019,27319,122,122,0,27441
20,1020,26890,2079,2079,0,28969
21,1021,306431,0,0,0,306431
22,1022,39085,92,92,0,39177
23,1023,8067,0,0,0,8067
24,1024,14867,2418,266,2152,17285
25,1025,46695,5934,0,5934,52629
26,1026,167970,1399,466,933,169369
27,1027,54684,949,0,949,55633
28,1028,22308,12185,0,12185,34493
29,1029,19696,0,0,0,19696
30,1030,32812,9873,0,9873,42685
31,1031,30425,2381,0,2381,32806
32,1032,31837,0,0,0,31837
33,1033,140231,33282,714,32568,173513
34,1034,156228,1701,940,761,157929
35,1035,19827,4989,0,4989,24816
36,1036,50000,0,0,0,50000
37,1037,8458,14,14,0,8472
38,2001,1471516,5363,2274,3089,1476879
39,2002,366879,2930,2627,303,369809
40,2003,14295,0,0,0,14295
41,2004,11860,0,0,0,11860
42,2005,19755,1872,0,1872,21627
43,2006,10884,54,54,0,10938
44,2007,23507,2201,0,2201,25708
45,2008,118733,9103,952,8151,127836
46,2009,103301,7911,1171,6740,111212
47,2010,4913,0,0,0,4913
48,2011,27003,2448,362,2086,29451
49,2012,10776,1052,30,1022,11828
50,2013,463,247,247,0,710
51,2014,173409,620,189,431,174029
52,3001,429477,1520,1520,0,430997
53,3002,34346,748,748,0,35094
54,3003,1081,0,0,0,1081
55,3004,254776,935,494,441,255711
56,3005,1811,0,0,0,1811
57,3006,182696,0,0,0,182696
58,3007,5790,129,129,0,5919
59,3008,276920,1771,1771,0,278691
60,3009,40279,0,0,0,40279
61,3010,18151,0,0,0,18151
62,4001,137603,51235,4623,46612,188838
63,4002,1311902,293159,1874,291285,1605061
64,4003,31427,4904,2628,2276,36331
65,4004,8254,58668,0,58668,66922
66,4005,3995,35432,0,35432,39427
67,4006,382039,519073,6110,512963,901112
68,4007,133770,7307,20,7287,141077
69,4008,12470,519,519,0,12989
70,4009,149228,268656,588,268068,417884
71,4010,8324,0,0,0,8324
72,4011,29420,18707,492,18215,48127
73,4012,630712,487502,3899,483603,1118214
74,4013,62929,6910,853,6057,69839
75,4014,121241,275436,0,275436,396677
76,4015,8006,54803,0,54803,62809
77,4016,53005,139723,0,139723,192728
78,4017,1336664,241819,1114,240705,1578483
79,4018,14794,72013,0,72013,86807
80,4019,41742,405973,4356,401617,447715
81,4020,14437,7923,72,7851,22360
82,4021,6223,66,66,0,6289
83,4022,4670,243,243,0,4913
84,4023,21434,337615,30,337585,359049
85,4024,4333,1336,0,1336,5669
86,4025,3696,575,0,575,4271
87,4026,2962,65,65,0,3027
88,4027,16483,107413,0,107413,123896
89,5001,5587,94968,0,94968,100555
90,5002,72394,98786,2013,96773,171180
91,5003,106264,214805,5202,209603,321069
92,5004,644075,1766,234,1532,645841
93,5005,111056,197695,12607,185088,308751
94,5006,19280,20107,720,19387,39387
95,5007,26605,28294,2409,25885,54899
96,5008,31302,268,268,0,31570
97,5009,389235,2222,2222,0,391457
98,5010,75870,78438,1432,77006,154308
99,5011,4431,4495,0,4495,8926
100,5012,85970,115756,193,115563,201726
101,5013,545,4016,0,4016,4561
102,5014,102022,7044,0,7044,109066
103,5015,17406,100641,532,100109,118047
104,5016,18677,5639,682,4957,24316
105,5017,35575,5684,5632,52,41259
106,5018,59702,42,42,0,59744
107,5019,6043,17353,0,17353,23396
108,5020,14024,9402,0,9402,23426
109,5021,93367,5353,1576,3777,98720
110,5022,1377,4500,0,4500,5877
111,5023,74083,30652,1682,28970,104735
112,5024,27494,15468,219,15249,42962
113,5025,21207,10536,63,10473,31743
114,5026,17342,0,0,0,17342
115,5027,13778,0,0,0,13778
116,5028,128878,21651,1637,20014,150529
117,5029,22532,11,11,0,22543
118,5030,29292,6700,1314,5386,35992
119,5031,23041,7346,195,7151,30387
120,5032,3004,0,0,0,3004
121,5033,129112,14,14,0,129126
122,5034,49989,21707,174,21533,71696
123,5035,166956,25420,2705,22715,192376
124,5036,99138,23732,2806,20926,122870
125,5037,14839,3044,187,2857,17883
126,5038,6659,578,183,395,7237
127,5039,7424,56,56,0,7480
128,5040,5837,2852,320,2532,8689
129,5041,122145,6611,4176,2435,128756
130,5042,8877,5853,0,5853,14730
131,5043,3302,3717,0,3717,7019
132,5044,6082,3580,190,3390,9662
133,5045,23812,0,0,0,23812
134,5046,105956,38580,0,38580,144536
135,5047,27835,0,0,0,27835
136,5048,17970,8131,201,7930,26101
137,5049,46016,0,0,0,46016
138,5050,30073,10004,1921,8083,40077
139,5051,115050,16315,287,16028,131365
140,5052,6716,2418,66,2352,9134
141,5053,156635,15587,594,14993,172222
142,5054,44394,16238,524,15714,60632
143,5055,6108,481,0,481,6589
144,5056,22376,4862,674,4188,27238
145,5057,68691,15912,1268,14644,84603
146,5058,14607,0,0,0,14607
147,5059,27492,25277,0,25277,52769
148,5060,76558,11494,1271,10223,88052
149,5061,36297,4179,0,4179,40476
150,5062,35794,49,49,0,35843
151,6001,58173,662843,830,662013,721016
152,6002,8176,18071,0,18071,26247
153,6003,10047,17778,160,17618,27825
154,6004,4844,37355,0,37355,42199
155,6005,30784,29637,756,28881,60421
156,6006,3266,11169,0,11169,14435
157,6007,36466,9636,535,9101,46102
158,6008,8741,29229,0,29229,37970
159,6009,147748,74945,942,74003,222693
160,6010,14239,20928,123,20805,35167
161,6011,29019,26256,1288,24968,55275
162,6012,5260,3935,0,3935,9195
163,6013,4075,12982,0,12982,17057
164,6014,7927,5549,42,5507,13476
165,6015,3138,6285,0,6285,9423
166,6016,3330,7535,0,7535,10865
167,6017,1019,3128,0,3128,4147
168,6018,2394,6854,0,6854,9248
169,6019,306589,51843,3517,48326,358432
170,6020,23323,8853,126,8727,32176
171,6021,87773,20184,1220,18964,107957
172,6022,12500,11604,0,11604,24104
173,6023,97276,114982,1223,113759,212258
174,6024,16190,53754,0,53754,69944
175,6025,3267,18713,0,18713,21980
176,6026,119108,48254,1164,47090,167362
177,6027,11713,20927,0,20927,32640
178,6028,8749,21125,0,21125,29874
179,6029,36409,167,167,0,36576
180,6030,6411,0,0,0,6411
181,6031,19355,14501,77,14424,33856
182,6032,13563,0,0,0,13563
183,6033,27119,10316,969,9347,37435
184,6034,1931,2921,0,2921,4852
185,6035,5087,4215,0,4215,9302
186,6036,13148,6009,54,5955,19157
187,6037,29198,10465,259,10206,39663
188,6038,3123,3209,0,3209,6332
189,6039,76023,51770,998,50772,127793
190,7001,1043128,100187,48926,51261,1143315
191,7002,5217,0,0,0,5217
192,7003,4868,0,0,0,4868
193,7004,6477,383,383,0,6860
194,7005,23165,4861,197,4664,28026
195,7006,22745,2,2,0,22747
196,7007,6615,0,0,0,6615
197,7008,5171,29,29,0,5200
198,7009,33469,223,223,0,33692
199,8001,71347,2588,0,2588,73935
200,8002,468695,541,541,0,469236
201,8003,160895,8101,284,7817,168996
202,8004,286709,2148,2148,0,288857
203,8005,88742,19228,436,18792,107970
204,8006,314357,757,757,0,315114
205,8007,267957,22984,6162,16822,290941
206,8008,307389,2933,2933,0,310322
207,8009,53327,2939,1456,1483,56266
208,8010,6096,241,0,241,6337
209,8011,230303,151098,2531,148567,381401
210,8012,4959,5609,0,5609,10568
211,8013,15651,96,96,0,15747
212,8014,69809,455,455,0,70264
213,8015,5398,12087,0,12087,17485
214,8016,8466,0,0,0,8466
215,8017,28874,68,68,0,28942
216,8018,13554,16549,0,16549,30103
217,8019,7709,0,0,0,7709
218,8020,35565,7521,1224,6297,43086
219,8021,7994,967,166,801,8961
220,8022,2834,4489,0,4489,7323
221,8023,3427,2757,0,2757,6184
222,9001,80348,76666,931,75735,157014
223,9002,58987,118192,2359,115833,177179
224,9003,33483,127070,0,127070,160553
225,9004,78263,76114,3731,72383,154377
226,9005,3850,14141,0,14141,17991
227,9006,122699,15224,1360,13864,137923
228,9007,4709,26299,0,26299,31008
229,9008,185105,25495,2241,23254,210600
230,9009,22234,24238,0,24238,46472
231,9010,94314,11408,665,10743,105722
232,10001,50903,109884,3165,106719,160787
233,10002,110056,270791,388,270403,380847
234,10003,12954,373,166,207,13327
235,10004,41515,575774,176,575598,617289
236,10005,8288,27521,0,27521,35809
237,11001,30480,157335,199,157136,187815
238,11002,203203,304148,12340,291808,507351
239,11003,83190,170026,3132,166894,253216
240,11004,4495,7744,0,7744,12239
241,11005,56440,5998,438,5560,62438
242,11006,46354,71223,0,71223,117577
243,11007,92724,2369,1709,660,95093
244,11008,11479,60964,0,60964,72443
245,11009,22621,0,0,0,22621
246,11010,343410,6514,6514,0,349924
247,11011,55069,142692,121,142571,197761
248,11012,26061,252,252,0,26313
249,11013,38809,666,666,0,39475
250,11014,15943,131,131,0,16074
251,11015,6207,5817,0,5817,12024
252,11016,53047,2621,0,2621,55668
253,11017,134040,7002,5541,1461,141042
254,11018,3024,0,0,0,3024
255,11019,22752,3,3,0,22755
256,11020,18979,4215,0,4215,23194
257,11021,30950,6614,560,6054,37564
258,11022,17937,1558,698,860,19495
259,11023,29002,0,0,0,29002
260,11024,38204,176,176,0,38380
261,11025,39702,1848,1848,0,41550
262,11026,28743,2547,336,2211,31290
263,11027,13474,0,0,0,13474
264,11028,178386,974,892,82,179360
265,12001,3724,49788,0,49788,53512
266,12002,22918,202375,724,201651,225293
267,12003,21968,12807,807,12000,34775
268,12004,6999,86,86,0,7085
269,12005,25397,7901,1047,6854,33298
270,12006,10247,2431,326,2105,12678
271,12007,39283,1421,405,1016,40704
272,12008,3315,5482,0,5482,8797
273,13001,32893,47562,0,47562,80455
274,13002,11482,19609,155,19454,31091
275,13003,31414,75090,302,74788,106504
276,13004,44687,131792,698,131094,176479
277,13005,17179,55997,0,55997,73176
278,13006,37571,2319,407,1912,39890
279,13007,13331,1632,0,1632,14963
280,13008,25586,348,348,0,25934
281,13009,3426,2110,242,1868,5536
282,13010,40268,576,498,78,40844
283,13011,66288,16925,2712,14213,83213
284,13012,9290,2110,0,2110,11400
285,13013,16258,1667,735,932,17925
286,13014,80610,1971,1971,0,82581
287,13015,482166,24588,24588,0,506754
288,13016,100415,2030,1887,143,102445
289,13017,45355,457,415,42,45812
290,13018,18762,134,134,0,18896
291,13019,21812,924,924,0,22736
292,13020,12982,239,239,0,13221
293,13021,11093,1291,0,1291,12384
294,13022,21655,1457,0,1457,23112
295,13023,37849,680,336,344,38529
296,13024,23534,396,396,0,23930
297,13025,6902,0,0,0,6902
298,13026,12223,26,26,0,12249
299,13027,13026,236,236,0,13262
300,13028,25806,2916,2916,0,28722
301,13029,107213,1830,1830,0,109043
302,13030,11285,278,278,0,11563
303,14001,200074,327672,511,327161,527746
304,14002,30667,195716,202,195514,226383
305,14003,14826,181675,0,181675,196501
306,14004,1153,132826,0,132826,133979
307,14005,194567,168800,525,168275,363367
308,14006,21228,102008,266,101742,123236
309,14007,23246,233679,67,233612,256925
310,14008,78958,25507,91,25416,104465
311,14009,141751,50531,532,49999,192282
312,14010,29722,11995,578,11417,41717
313,14011,19373,238192,0,238192,257565
314,14012,2558,2317,0,2317,4875
315,14013,24980,188591,0,188591,213571
316,14014,21675,5110,0,5110,26785
317,14015,4206,264632,0,264632,268838
318,14016,8678,18474,0,18474,27152
319,14017,5965,3653,0,3653,9618
320,14018,18823,191212,0,191212,210035
321,14019,47993,67043,0,67043,115036
322,14020,16111,0,0,0,16111
323,14021,85935,192487,55,192432,278422
324,14022,666,6168,0,6168,6834
325,14023,7176,9344,0,9344,16520
326,14024,8276,1,1,0,8277
327,14025,29316,72298,0,72298,101614
328,14026,45872,115016,0,115016,160888
329,14027,26102,92619,464,92155,118721
330,14028,9862,200417,0,200417,210279
331,14029,40078,153340,1901,151439,193418
332,14030,11650,1259,408,851,12909
333,14031,69068,49867,1019,48848,118935
334,14032,41941,4487,0,4487,46428
335,14033,37990,78,78,0,38068
336,14034,42383,231729,279,231450,274112
337,14035,5948,0,0,0,5948
338,14036,39007,12321,4675,7646,51328
339,14037,62986,25335,2290,23045,88321
340,14038,2653,1562,1562,0,4215
341,14039,87697,3740,1552,2188,91437
342,14040,3059,2365,1947,418,5424
343,14041,241306,208963,1336,207627,450269
344,14042,7460,2570,2570,0,10030
345,14043,2311,2026,1250,776,4337
346,14044,5515,1384,0,1384,6899
347,14045,7949,4320,0,4320,12269
348,14046,10916,4822,0,4822,15738
349,14047,156163,52567,1103,51464,208730
350,14048,5651,0,0,0,5651
351,14049,8343,35993,453,35540,44336
352,14050,20499,10710,0,10710,31209
353,14051,93244,72371,62,72309,165615
354,14052,23189,3690,0,3690,26879
355,14053,8144,1919,1281,638,10063
356,14054,28704,40292,0,40292,68996
357,14055,24308,220256,932,219324,244564
358,14056,4506,0,0,0,4506
359,14057,85638,372607,0,372607,458245
360,14058,77869,0,0,0,77869
361,14059,16846,0,0,0,16846
362,14060,56747,1596,0,1596,58343
363,14061,26082,335,0,335,26417
364,14062,11443,4067,0,4067,15510
365,14063,18383,113191,392,112799,131574
366,14064,8182,0,0,0,8182
367,14065,7161,6670,0,6670,13831
368,14066,22390,35454,326,35128,57844
369,14067,85204,1638,0,1638,86842
370,14068,42352,6850,894,5956,49202
371,15001,135799,29193,423,28770,164992
372,15002,214432,40047,1675,38372,254479
373,15003,21842,18995,121,18874,40837
374,15004,9061,0,0,0,9061
375,15005,24950,4430,0,4430,29380
376,15006,37187,11440,197,11243,48627
377,15007,9087,0,0,0,9087
378,15008,31577,18688,61,18627,50265
379,15009,55338,1514,1309,205,56852
380,15010,89329,68188,143,68045,157517
381,15011,245468,13728,2265,11463,259196
382,15012,2593,0,0,0,2593
383,15013,1511,0,0,0,1511
384,15014,6606,24,24,0,6630
385,15015,12982,572,0,572,13554
386,16001,94300,7453,0,7453,101753
387,16002,28991,0,0,0,28991
388,16003,119231,0,0,0,119231
389,16004,12568,26487,0,26487,39055
390,16005,13115,9735,0,9735,22850
391,16006,97103,20107,72,20035,117210
392,16007,5531,0,0,0,5531
393,16008,14271,2652,0,2652,16923
394,16009,10603,0,0,0,10603
395,16010,4773,4050,0,4050,8823
396,16011,155102,35059,436,34623,190161
397,16012,4456,23,23,0,4479
398,16013,14742,0,0,0,14742
399,17001,82145,455953,410,455543,538098
400,17002,132102,19231,184,19047,151333
401,17003,12775,0,0,0,12775
402,18001,97209,75150,212,74938,172359
403,18002,5376,0,0,0,5376
404,18003,17227,0,0,0,17227
405,18004,57788,40268,158,40110,98056
406,18005,63004,65012,280,64732,128016
407,18006,7772,0,0,0,7772
408,18007,21181,1989,1163,826,23170
409,18008,3242,0,0,0,3242
410,18009,14613,0,0,0,14613
411,18010,1558,9949,0,9949,11507
412,18011,10837,2190,146,2044,13027
413,18012,3790,14321,0,14321,18111
414,18013,42670,7950,324,7626,50620
415,18014,6682,836,0,836,7518
416,18015,16779,4428,74,4354,21207
417,18016,1951,10154,0,10154,12105
418,18017,111902,29572,1321,28251,141474
419,18018,23219,2658,0,2658,25877
420,18019,78997,1714,1638,76,80711
421,18020,8007,1,1,0,8008
422,18021,99214,3094,374,2720,102308
423,19001,296147,321,321,0,296468
424,19002,64562,10469,10469,0,75031
425,19003,93090,3432,3432,0,96522
426,19004,26629,0,0,0,26629
427,19005,40518,44343,44343,0,84861
428,19006,55930,0,0,0,55930
429,19007,7160,59,0,59,7219
430,19008,54675,71,71,0,54746
431,19009,43446,100,100,0,43546
432,19010,34885,231,231,0,35116
433,19011,413086,550,550,0,413636
434,19012,65177,0,0,0,65177
435,20001,151828,9988,83,9905,161816
436,20002,103639,32922,2609,30313,136561
437,20003,18288,25249,0,25249,43537
438,20004,24516,1997,1997,0,26513
439,20005,7046,19929,0,19929,26975
440,20006,126666,32359,0,32359,159025
441,20007,113619,51069,104,50965,164688
442,20008,152687,132029,0,132029,284716
443,20009,12996,2438,0,2438,15434
444,20010,126115,14053,0,14053,140168
445,20011,21132,4335,46,4289,25467
446,20012,15926,14094,0,14094,30020
447,20013,10379,687,0,687,11066
448,20014,16588,38990,0,38990,55578
449,20015,13440,33260,0,33260,46700
450,20016,12033,463,0,463,12496
451,20017,3567,0,0,0,3567
452,20018,68158,5783,0,5783,73941
453,20019,8068,22870,0,22870,30938
454,20020,13006,0,0,0,13006
455,20021,15882,64347,0,64347,80229
456,21001,18007,62320,0,62320,80327
457,21002,97665,142492,1057,141435,240157
458,21003,147819,124433,4376,120057,272252
459,21004,29677,95330,216,95114,125007
460,21005,135542,86,86,0,135628
461,21006,256360,182600,10135,172465,438960
462,21007,24037,40,40,0,24077
463,21008,166963,6926,359,6567,173889
464,21009,2921,0,0,0,2921
465,21010,30358,0,0,0,30358
466,21011,52667,532,532,0,53199
467,21012,40492,0,0,0,40492
468,21013,16541,19082,0,19082,35623
469,21014,9872,8600,0,8600,18472
470,21015,70580,376,357,19,70956
471,21016,47254,0,0,0,47254
472,21017,12735,14978,7,14971,27713
473,21018,23379,6829,1344,5485,30208
474,21019,10105,13083,1332,11751,23188
475,21020,49174,2365,0,2365,51539
476,21021,30710,0,0,0,30710
477,21022,15502,0,0,0,15502
478,21023,112976,120,120,0,113096
479,21024,56067,3665,72,3593,59732
480,21025,19419,9935,2129,7806,29354
481,21026,102413,11719,584,11135,114132
482,21027,19222,49634,0,49634,68856
483,21028,14007,1054,200,854,15061
484,21029,62643,933,933,0,63576
485,21030,16001,0,0,0,16001
486,21031,15768,0,0,0,15768
487,21032,42378,37295,2129,35166,79673
488,21033,16802,0,0,0,16802
489,21034,32964,26773,0,26773,59737
490,21035,726,0,0,0,726
491,21036,34893,0,0,0,34893
492,21037,8424,1563,1043,520,9987
493,21038,29541,303,0,303,29844
494,21039,11082,12936,0,12936,24018
495,21040,12166,4106,0,4106,16272
496,21041,20711,25883,0,25883,46594
497,21042,68791,77051,2503,74548,145842
498,21043,88865,1944,1944,0,90809
499,21044,252148,3150,2123,1027,255298
500,21045,27683,0,0,0,27683
501,21046,11384,0,0,0,11384
502,22001,291701,1831,937,894,293532
503,22002,70827,0,0,0,70827
504,22003,214162,20047,1394,18653,234209
505,22004,124511,34158,1160,32998,158669
506,22005,40126,5871,1753,4118,45997
507,22006,8673,9021,0,9021,17694
508,22007,7120,0,0,0,7120
509,22008,18281,9478,0,9478,27759
510,22009,37264,5558,0,5558,42822
511,22010,4510,0,0,0,4510
512,22011,8503,40508,0,40508,49011
513,22012,7081,9018,0,9018,16099
514,22013,8583,6455,0,6455,15038
515,22014,12309,12227,0,12227,24536
516,22015,10961,23287,2082,21205,34248
517,22016,4350,29974,0,29974,34324
518,23001,8155,13935,0,13935,22090
519,23002,23571,298,6,292,23869
520,23003,33331,133,133,0,33464
521,23004,91892,937,937,0,92829
522,23005,110534,6818,3359,3459,117352
523,23006,102774,49147,2009,47138,151921
524,23007,10399,929,31,898,11328
525,23008,10285,7504,1527,5977,17789
526,23009,24044,494,494,0,24538
527,23010,4898,2376,2376,0,7274
528,23011,7179,531,531,0,7710
529,23012,19757,1348,1348,0,21105
530,23013,8675,7258,2748,4510,15933
531,23014,24311,14040,3003,11037,38351
532,23015,45693,47433,4712,42721,93126
533,23016,51040,9904,4821,5083,60944
534,24001,26040,5890,0,5890,31930
535,24002,93742,59534,44,59490,153276
536,24003,40266,27200,0,27200,67466
537,24004,11685,22154,558,21596,33839
538,24005,23556,16008,0,16008,39564
539,24006,28496,11793,0,11793,40289
540,24007,28157,0,0,0,28157
541,25001,189514,4471,952,3519,193985
542,25002,13391,3154,3154,0,16545
543,25003,8225,4055,468,3587,12280
544,26001,230433,225206,609,224597,455639
545,26002,24140,117,117,0,24257
546,26003,42188,0,0,0,42188
547,26004,79368,117003,123,116880,196371
548,26005,44079,96192,0,96192,140271
549,26006,101343,71267,147,71120,172610
550,26007,165931,300782,743,300039,466713
551,26008,24213,3306,56,3250,27519
552,26009,9081,41,41,0,9122
553,26010,117528,278908,1604,277304,396436
554,26011,52025,31349,0,31349,83374
555,26012,83297,309021,250,308771,392318
556,26013,4896,1529,0,1529,6425
557,26014,54491,4750,1339,3411,59241
558,26015,12179,4606,1401,3205,16785
559,26016,65516,28152,3364,24788,93668
560,27001,76180,510829,68,510761,587009
561,27002,9508,0,0,0,9508
562,27003,7917,0,0,0,7917
563,27004,168465,593318,215,593103,761783
564,27005,134314,479115,7216,471899,613429
565,27006,424478,685328,7524,677804,1109806
566,27007,126896,325527,1133,324394,452423
567,27008,33915,153188,1492,151696,187103
568,27009,9073,0,0,0,9073
569,27010,29359,107270,1424,105846,136629
570,27011,65780,0,0,0,65780
571,27012,39548,275060,1332,273728,314608
572,27013,42296,90016,171,89845,132312
573,27014,18565,7166,44,7122,25731
574,27015,202840,146899,331,146568,349739
575,27016,26589,0,0,0,26589
576,27017,95815,54463,325,54138,150278
577,27018,117403,646258,0,646258,763661
578,27019,128937,945771,723,945048,1074708
579,27020,6264,97276,0,97276,103540
580,27021,64415,498503,0,498503,562918
581,27022,168809,665461,3384,662077,834270
582,27023,14799,0,0,0,14799
583,27024,109225,425583,20,425563,534808
584,27025,56510,0,0,0,56510
585,27026,8095,69512,0,69512,77607
586,27027,1334,139712,0,139712,141046
587,27028,28846,0,0,0,28846
588,27029,13785,157001,0,157001,170786
589,27030,561859,1747344,2070,1745274,2309203
590,27031,68968,274982,0,274982,343950
591,27032,28666,936,0,936,29602
592,27033,40017,10741,1,10740,50758
593,27034,142074,0,0,0,142074
594,27035,4416,0,0,0,4416
595,27036,19198,0,0,0,19198
596,27037,46676,2824,0,2824,49500
597,27038,9670,24818,0,24818,34488
598,27039,12005,138896,0,138896,150901
599,27040,14242,29949,0,29949,44191
600,27041,4299,29486,0,29486,33785
601,27042,10619,0,0,0,10619
602,28001,76288,385178,740,384438,461466
603,28002,49316,98846,718,98128,148162
604,28003,13922,32484,848,31636,46406
605,28004,373402,302295,836,301459,675697
606,28005,139631,30780,345,30435,170411
607,28006,21137,24396,2388,22008,45533
608,28007,124167,405581,771,404810,529748
609,28008,49751,0,0,0,49751
610,28009,1707,5489,0,5489,7196
611,28010,2190,3413,1366,2047,5603
612,28011,2710,611,0,611,3321
613,28012,4441,2283,92,2191,6724
614,28013,7681,0,0,0,7681
615,28014,78769,868378,913,867465,947147
616,28015,2685,5594,0,5594,8279
617,28016,4393,2713,342,2371,7106
618,29001,3383,54346,0,54346,57729
619,29002,1994,43118,0,43118,45112
620,29003,15442,145489,191,145298,160931
621,29004,39158,261685,44,261641,300843
622,29005,30982,585854,164,585690,616836
623,29006,249759,571613,3140,568473,821372
624,29007,1709,1966,0,1966,3675
625,29008,8383,5744,101,5643,14127
626,29009,2513,1192,0,1192,3705
627,29010,4362,0,0,0,4362
628,29011,134293,463241,845,462396,597534
629,29012,26477,0,0,0,26477
630,29013,15787,23420,234,23186,39207
631,29014,32017,0,0,0,32017
632,29015,6052,20865,0,20865,26917
633,30001,77317,81209,0,81209,158526
634,30002,132624,111488,1921,109567,244112
635,30003,21850,0,0,0,21850
636,30004,12169,3917,0,3917,16086
637,30005,33339,19879,0,19879,53218
638,30006,54810,32435,0,32435,87245
639,30007,48196,0,0,0,48196
640,30008,18342,4799,0,4799,23141
641,30009,16135,23069,0,23069,39204
642,30010,47360,105190,0,105190,152550
643,30011,81001,449880,53,449827,530881
644,30012,43667,22443,1185,21258,66110
645,30013,27031,0,0,0,27031
646,30014,12791,14510,49,14461,27301
647,30015,193660,488066,4643,483423,681726
648,30016,21222,50218,0,50218,71440
649,30017,8805,39887,0,39887,48692
650,30018,11485,47329,0,47329,58814
651,30019,105403,549322,360,548962,654725
652,30020,4135,31184,0,31184,35319
653,30021,333888,72517,1867,70650,406405
654,30022,24413,0,0,0,24413
655,30023,102314,84525,288,84237,186839
656,30024,14999,16947,0,16947,31946
657,30025,146005,913,358,555,146918
658,30026,8446,0,0,0,8446
659,30027,44955,205,0,205,45160
660,30028,65605,13783,505,13278,79388
661,30029,18280,0,0,0,18280
662,31001,78452,498103,1102,497001,576555
663,31002,15323,133017,0,133017,148340
664,31003,3913,8373,0,8373,12286
665,31004,1099,7324,0,7324,8423
666,31005,2210,8173,0,8173,10383
667,31006,41713,25841,1560,24281,67554
668,31007,1353,12424,0,12424,13777
669,31008,1172,5833,0,5833,7005
670,31009,7038,323588,90,323498,330626
671,31010,769,3302,0,3302,4071
672,31011,1846,2810,0,2810,4656
673,31012,1101,3946,0,3946,5047
674,31013,68754,3541,629,2912,72295
675,31014,9199,308,8,300,9507
676,31015,97864,316,316,0,98180
677,31016,42758,43075,0,43075,85833
678,31017,15289,97858,550,97308,113147
679,31018,6082,20545,0,20545,26627
680,31019,45873,182959,116,182843,228832
681,31020,24473,0,0,0,24473
682,31021,28309,38285,0,38285,66594
683,31022,2053,2566,0,2566,4619
684,31023,19855,124,124,0,19979
685,31024,15711,3280,154,3126,18991
686,31025,3696,21176,0,21176,24872
687,31026,88317,92167,1209,90958,180484
688,31027,2601,18106,0,18106,20707
689,31028,10245,867,339,528,11112
690,31029,39395,71258,2504,68754,110653
691,31030,50513,92506,1489,91017,143019
692,31031,195153,568826,5681,563145,763979
693,31032,7406,0,0,0,7406
694,31033,1,1783,573,1210,1784
695,31034,624,1307,0,1307,1931
696,31035,4561,7583,309,7274,12144
697,31036,34779,70,70,0,34849
698,31037,208691,376,376,0,209067
699,31038,5465,924,334,590,6389
700,31039,17431,1883,0,1883,19314
701,31040,36541,0,0,0,36541
702,31041,32954,344725,2860,341865,377679
703,31042,575,2164,0,2164,2739
704,31043,5087,5568,1174,4394,10655
705,31044,2127,4553,0,4553,6680
706,31045,59011,223,223,0,59234
707,31046,76739,252345,1113,251232,329084
708,31047,691,1361,0,1361,2052
709,31048,52394,226180,2097,224083,278574
710,31049,84379,20110,423,19687,104489
711,31050,1203,1741,0,1741,2944
712,31051,18480,18606,0,18606,37086
713,31052,14213,10611,257,10354,24824
714,31053,2911,4569,0,4569,7480
715,32001,17370,478154,0,478154,495524
716,32002,6559,174874,58,174816,181433
717,32003,105789,379299,2300,376999,485088
718,32004,15689,25938,0,25938,41627
719,32005,30968,23466,280,23186,54434
720,32006,27242,11912,846,11066,39154
721,32007,4883,4327,0,4327,9210
722,32008,53192,60399,1957,58442,113591
723,32009,164116,49506,3964,45542,213622
724,32010,2298,6962,0,6962,9260
725,32011,71244,115050,866,114184,186294
726,32012,4160,20604,0,20604,24764
727,32013,41153,105693,579,105114,146846
728,32014,41494,97207,1159,96048,138701
729,32015,67263,315,0,315,67578
730,32016,30179,0,0,0,30179
731,32017,76545,40440,1953,38487,116985
732,32018,6803,3092,0,3092,9895
733,32019,14658,39436,0,39436,54094
734,32020,78984,11870,577,11293,90854
735,32021,43367,4170,672,3498,47537
736,32022,43622,53127,0,53127,96749
737,32023,39189,2479,553,1926,41668
738,32024,48313,89792,1737,88055,138105
739,32025,196046,0,0,0,196046
740,32026,63094,11254,153,11101,74348
741,32027,146739,92983,91,92892,239722
742,32028,5661,61454,0,61454,67115
743,32029,263211,15320,931,14389,278531
744,32030,66114,53639,1149,52490,119753
745,32031,10956,517,517,0,11473
746,32032,36292,4387,2083,2304,40679
747,32033,30044,24257,443,23814,54301
748,32034,7200,747,198,549,7947
749,32035,14441,1876,175,1701,16317
750,32036,44709,133,133,0,44842
751,32037,52961,415408,291,415117,468369
752,32038,19407,0,0,0,19407
753,32039,537944,1653659,1677,1651982,2191603
754,32040,31339,20545,259,20286,51884
755,32041,46876,10824,114,10710,57700
756,32042,105685,70,70,0,105755
757,32043,25909,0,0,0,25909
758,32044,12615,4225,264,3961,16840
759,32045,21372,92023,0,92023,113395
760,32046,20792,5975,1510,4465,26767
761,32047,12996,6319,224,6095,19315
762,32048,2508,2671,2671,0,5179
763,32049,822,94,94,0,916
764,32050,9483,1769,1210,559,11252
765,32051,-1,30578,9195,21383,30577
766,32052,34394,5279,1111,4168,39673
767,32053,0,7316,2172,5144,7316
768,32054,62209,44557,330,44227,106766
769,32055,52908,54761,0,54761,107669
770,32056,92605,175278,3138,172140,267883
771,32057,3792,3998,379,3619,7790
772,32058,4273,0,0,0,4273
773,32059,19230,281881,328,281553,301111
774,32060,12193,238,139,99,12431
775,32061,23052,345315,0,345315,368367
776,32062,8710,164806,0,164806,173516
777,32063,64176,872896,1065,871831,937072
778,33001,33535,360801,330,360471,394336
779,33002,17609,23485,0,23485,41094
780,33003,74966,1105,107,998,76071
781,33004,128617,0,0,0,128617
782,33005,153269,215820,735,215085,369089
783,33006,86397,12438,61,12377,98835
784,33007,50058,19739,686,19053,69797
785,33008,12864,8243,730,7513,21107
786,33009,141312,10291,1262,9029,151603
787,33010,9431,6080,513,5567,15511
788,33011,6868,87,87,0,6955
789,33012,34952,52,52,0,35004
790,33013,30130,99369,162,99207,129499
791,33014,15337,10699,196,10503,26036
792,33015,24644,52075,573,51502,76719
793,33016,13077,4500,759,3741,17577
794,33017,48222,170761,1399,169362,218983
795,33018,90813,308342,0,308342,399155
796,34001,99268,271,192,79,99539
797,34002,25000,12085,372,11713,37085
798,34003,315311,57103,48,57055,372414
799,34004,5583,0,0,0,5583
800,34005,60062,0,0,0,60062
801,34006,674,22750,0,22750,23424
802,34007,5781,41429,0,41429,47210
803,34008,275243,3516,3253,263,278759
804,34009,172366,3812,1006,2806,176178
805,34010,24833,157966,2433,155533,182799
806,34011,16065,0,0,0,16065
807,34012,634,7510,0,7510,8144
808,34013,7304,84326,0,84326,91630
809,34014,22690,0,0,0,22690
810,34015,70636,256374,2726,253648,327010
811,34016,8788,0,0,0,8788
812,34017,7082,0,0,0,7082
813,34018,213413,82,82,0,213495
814,34019,10226,75872,0,75872,86098
815,34020,1114,1108,0,1108,2222
816,34021,88718,91605,3833,87772,180323
817,34022,6271,0,0,0,6271
818,34023,74069,2466,1261,1205,76535
819,34024,26881,0,0,0,26881
820,34025,83329,128810,1295,127515,212139
821,34026,203582,193168,3068,190100,396750
822,34027,14052,2797,0,2797,16849
823,34028,6099,0,0,0,6099
824,34029,16096,0,0,0,16096
825,34030,55224,44392,1019,43373,99616
826,34031,14241,0,0,0,14241
827,34032,43644,205216,2513,202703,248860
828,34033,20076,27683,534,27149,47759
829,34034,6550,5878,0,5878,12428
830,34035,14470,51822,0,51822,66292
831,34036,80653,215,0,215,80868
832,34037,13101,2252,1365,887,15353
833,34038,11845,2169,0,2169,14014
834,34039,37831,172844,1666,171178,210675
835,34040,29037,88775,1991,86784,117812
836,34041,3765,2942,0,2942,6707
837,34042,20265,13590,596,12994,33855
838,34043,1710,9906,0,9906,11616
839,34044,52180,86221,2193,84028,138401
840,34045,2076,7587,0,7587,9663
841,35001,41117,3243,840,2403,44360
842,35002,268358,42739,5057,37682,311097
843,35003,21512,0,0,0,21512
844,35004,139978,313976,3889,310087,453954
845,35005,37758,11656,0,11656,49414
846,35006,15269,64590,1086,63504,79859
847,35007,5987,0,0,0,5987
848,35008,1885,215,215,0,2100
849,35009,132880,26520,3373,23147,159400
850,35010,178338,97601,1521,96080,275939
851,35011,54848,0,0,0,54848
852,35012,13855,88854,0,88854,102709
853,35013,16720,2828,228,2600,19548
854,35014,93296,94375,1212,93163,187671
855,35015,15624,96681,1262,95419,112305
856,35016,33208,80294,1494,78800,113502
857,35017,154980,520076,2661,517415,675056
858,35018,347979,469232,2432,466800,817211
859,35019,83542,157993,0,157993,241535
860,35020,17116,286291,1484,284807,303407
861,35021,391244,497983,1505,496478,889227
862,35022,15211,1354,1354,0,16565
863,35023,6740,5340,0,5340,12080
864,35024,73286,44703,162,44541,117989
865,35025,1193,4531,0,4531,5724
866,35026,100462,88684,624,88060,189146
867,35027,432460,910,910,0,433370
868,35028,36343,109509,953,108556,145852
869,35029,220726,33421,1922,31499,254147
870,35030,7610,8179,0,8179,15789
871,35031,563055,1054,1054,0,564109
872,35032,123186,27943,3110,24833,151129
873,35033,40377,0,0,0,40377
874,35034,14591,33478,166,33312,48069
875,35035,33515,114,114,0,33629
876,36001,165159,77842,3153,74689,243001
877,36002,61701,152681,0,152681,214382
878,36003,26367,39349,2571,36778,65716
879,36004,368935,305,305,0,369240
880,36005,140171,4463,2849,1614,144634
881,36006,55481,20246,197,20049,75727
882,36007,89106,186350,2587,183763,275456
883,36008,15544,0,0,0,15544
884,37001,36790,252756,1606,251150,289546
885,37002,289438,80739,1958,78781,370177
886,37003,249964,225418,1338,224080,475382
887,37004,219735,147811,1235,146576,367546
888,37005,101206,2463,2463,0,103669
889,37006,12882,2488,11,2477,15370
890,37007,45724,112094,436,111658,157818
891,37008,74851,153449,826,152623,228300
892,37009,156457,219499,7449,212050,375956
893,37010,40555,122214,482,121732,162769
894,37011,26309,45335,246,45089,71644
895,37012,8070,3499,3499,0,11569
896,37013,9092,0,0,0,9092
897,37014,32787,149,149,0,32936
898,38001,585324,185622,0,185622,770946
899,38002,144133,0,0,0,144133
900,38003,14405,82035,155,81880,96440
901,38004,108903,179113,853,178260,288016
902,38005,18488,0,0,0,18488
903,38006,32436,0,0,0,32436
904,38007,25375,0,0,0,25375
905,38008,23884,28867,0,28867,52751
906,38009,35434,137996,148,137848,173430
907,39001,359154,717,717,0,359871
908,39002,86593,495,495,0,87088
909,39003,481227,29487,27864,1623,510714
910,40001,63582,83752,147,83605,147334
911,40002,9937,98247,0,98247,108184
912,40003,289,952,0,952,1241
913,40004,1216,102115,0,102115,103331
914,40005,1329,2302,0,2302,3631
915,40006,46375,14055,0,14055,60430
916,40007,4162,27888,0,27888,32050
917,40008,472745,477696,9238,468458,950441
918,40009,70642,20134,5013,15121,90776
919,40010,10472,12546,11304,1242,23018
920,40011,44236,105087,8694,96393,149323
921,40012,6697,4267,2892,1375,10964
922,40013,211865,83292,1934,81358,295157
923,40014,52379,707935,4787,703148,760314
924,40015,66548,1080,1080,0,67628
925,41001,85667,1419088,3321,1415767,1504755
926,41002,26237,335915,228,335687,362152
927,41003,58124,3375,173,3202,61499
928,41004,275384,516,516,0,275900
929,41005,62037,201,201,0,62238
930,41006,415402,1479,1479,0,416881
931,41007,40279,703,703,0,40982
932,41008,267636,1318,1318,0,268954
933,41009,274568,3962,3962,0,278530
934,41010,5158,2133,2133,0,7291
935,41011,196624,884,884,0,197508
936,41012,10872,0,0,0,10872
937,41013,217739,702,702,0,218441
938,42001,91358,107571,1275,106296,198929
939,42002,8872,183468,0,183468,192340
940,42003,952275,307368,1446,305922,1259643
941,42004,101257,9398,2068,7330,110655
942,43001,356340,3149,3149,0,359489
943,43002,272645,2825,2825,0,275470
944,44001,666443,6021,6021,0,672464
945,44002,76602,1176,1176,0,77778
946,44003,15669,0,0,0,15669
947,44004,18820,167,167,0,18987
948,44005,187747,1060,103,957,188807
949,44006,31996,2,2,0,31998
950,44007,22564,49509,2276,47233,72073
951,44008,21066,20595,0,20595,41661
952,45001,85598,589730,5445,584285,675328
953,45002,15125,258777,61,258716,273902
954,46001,51791,73103,344,72759,124894
955,46002,19200,26669,1404,25265,45869
956,46003,200951,312875,4198,308677,513826
957,46004,30728,69210,302,68908,99938
958,46005,195220,10473,10473,0,205693
959,46006,66997,1259801,260,1259541,1326798
960,46007,101119,4399,4399,0,105518
961,46008,32547,22442,288,22154,54989
962,46009,112895,840638,7146,833492,953533
963,46010,31133,211562,124,211438,242695
964,46011,161386,72004,6287,65717,233390
965,46012,371691,442597,49336,393261,814288
966,46013,57845,735497,827,734670,793342
967,46014,778,2248,0,2248,3026
968,46015,1735,3023,0,3023,4758
969,46016,100216,88269,15273,72996,188485
970,46017,64811,3092,3092,0,67903
971,46018,16943,1286,1286,0,18229
972,46019,1112,2926,0,2926,4038
973,46020,12120,55547,1107,54440,67667
974,46021,757,2384,0,2384,3141
975,46022,5665,93945,0,93945,99610
976,46023,5861,43922,0,43922,49783
977,46024,1682,18380,0,18380,20062
978,46025,3426,21731,0,21731,25157
979,46026,286248,297072,4835,292237,583320
980,46027,215042,513818,2266,511552,728860
981,46028,55867,3070,3070,0,58937
982,46029,2646,29529,194,29335,32175
983,46030,126135,438525,2458,436067,564660
984,46031,1360,13656,0,13656,15016
985,46032,7502,9810,0,9810,17312
986,46033,124387,26801,9806,16995,151188
987,47001,476367,35663,15738,19925,512030
988,48001,150164,8062,8062,0,158226
989,48002,200737,4299,4299,0,205036
990,48003,128135,2128,2128,0,130263
991,48004,108409,483,483,0,108892
992,48005,392457,47978,29461,18517,440435
993,48006,43852,1638,1638,0,45490
994,48007,76026,1660,1660,0,77686
995,48008,316427,507856,29724,478132,824283
996,48009,225662,329567,5151,324416,555229
997,48010,1591,4967,0,4967,6558
998,48011,464238,628527,87904,540623,1092765
999,48012,1626,5993,0,5993,7619
1000,48013,638434,1417593,59395,1358198,2056027
1001,48014,2163,7887,0,7887,10050
1002,48015,54793,8314,7740,574,63107
1003,48016,589,5196,0,5196,5785
1004,48017,244880,378297,7750,370547,623177
1005,48018,1155,2291,0,2291,3446
1006,48019,3667,4065,0,4065,7732
1007,48020,10091,7105,373,6732,17196
1008,48021,1281,14625,0,14625,15906
1009,48022,7859,7419,400,7019,15278
1010,48023,1726,2335,0,2335,4061
1011,48024,42352,33909,390,33519,76261
1012,48025,3917,49803,0,49803,53720
1013,48026,2513,13323,0,13323,15836
1014,48027,3408,9333,0,9333,12741
1015,49001,629186,92454,92454,0,721640
1016,49002,559659,132609,131120,1489,692268
1017,49003,170534,37467,37467,0,208001
1018,50001,681255,132123,132017,106,813378
1019,51001,84707,365919,12964,352955,450626
1020,51002,130804,225733,11242,214491,356537
1021,51003,156590,72164,13858,58306,228754
1022,51004,1651,15455,0,15455,17106
1023,51005,2534,5534,0,5534,8068
1024,51006,407870,13157,13157,0,421027
1025,51007,105516,3703,3703,0,109219
1026,51008,132343,712,712,0,133055
1027,51009,48512,6275,6275,0,54787
1028,52001,337577,62227,18174,44053,399804
1029,52002,3019,5784,0,5784,8803
1030,52003,828,722,241,481,1550
1031,52004,65568,2593,2593,0,68161
1032,52005,677206,5265,5265,0,682471
1033,52006,13723,132,132,0,13855
1034,52007,88926,483,483,0,89409
1035,53001,2638963,4185456,433072,3752384,6824419
1036,53002,150320,141637,1563,140074,291957
1037,53003,9905,12237,59,12178,22142
1038,53004,271771,112471,25788,86683,384242
1039,53005,91498,1130013,4981,1125032,1221511
1040,53006,210646,57238,57238,0,267884
1041,53007,128706,22951,22951,0,151657
1042,53008,50347,2120,2120,0,52467
1043,53009,3099,5769,94,5675,8868
1044,53010,12135,7048,595,6453,19183
1045,53011,146931,36183,36183,0,183114
1046,54001,168833,112413,7403,105010,281246
1047,54002,148425,309788,1601,308187,458213
1048,54003,305909,519633,4190,515443,825542
1049,54004,277435,46126,46126,0,323561
1050,54005,18089,65594,102,65492,83683
1051,55001,1260,177949,0,177949,179209
1052,55002,272327,25273,25273,0,297600
1053,55003,42944,1038,1038,0,43982
1054,55004,226037,326,326,0,226363
1055,55005,120822,95970,3106,92864,216792
1056,55006,82946,6605,6605,0,89551
1057,55007,167645,3197,1335,1862,170842
1058,55008,310700,30036,11773,18263,340736
1059,55009,59562,9145,2086,7059,68707
1060,55010,760011,51162,39440,11722,811173
1061,55011,50139,5494,126,5368,55633
1062,55012,144342,935,935,0,145277
1063,55013,87626,6998,6998,0,94624
1064,55014,46939,4730,4730,0,51669
1065,56001,526041,901172,55205,845967,1427213
1066,56002,41642,2298,2298,0,43940
1067,57001,953508,467593,112415,355178,1421101
1068,57002,2281,3226,0,3226,5507
1069,58001,190882,20023,20023,0,210905
1070,58002,32463,3520,3520,0,35983
1071,58003,126695,20827,20827,0,147522
1072,58004,47790,5299,5299,0,53089
1073,59001,49071,163184,99,163085,212255
1074,59002,98808,438585,4619,433966,537393
1075,59003,473543,45303,45303,0,518846
1076,59004,467463,1043841,16023,1027818,1511304
1077,59005,2678,651,0,651,3329
1078,59006,1139,549,0,549,1688
1079,59007,2325,1198,0,1198,3523
1080,60001,537768,46758,46758,0,584526
1081,60002,482106,49428,49428,0,531534
1082,60003,27624,1014,1014,0,28638
1083,60004,155778,11793,11793,0,167571
1084,61001,485131,1736092,70112,1665980,2221223
1085,61002,25449,122296,1733,120563,147745
1086,61003,2699,8014,0,8014,10713
1087,61004,3702,3839,0,3839,7541
1088,61005,16826,31441,1270,30171,48267
1089,62001,154417,10779,10779,0,165196
1090,62002,160787,21094,21094,0,181881
1091,62003,16897,95,95,0,16992
1092,62004,114897,24898,24898,0,139795
1093,62005,56743,536,536,0,57279
1094,62006,12442,75,75,0,12517
1095,62007,74002,7805,7805,0,81807
1096,62008,42271,17105,17105,0,59376
1097,63001,706176,628482,16959,611523,1334658
1098,63002,120132,741919,7024,734895,862051
1099,63003,176372,49331,43788,5543,225703
1100,63004,23599,99150,2374,96776,122749
1101,63005,5621,12043,90,11953,17664
1102,63006,150169,492728,7053,485675,642897
1103,63007,53064,9158,9158,0,62222
1104,63008,8072,29927,0,29927,37999
1105,63009,30450,67784,249,67535,98234
1106,63010,10602,40013,341,39672,50615
1107,63011,51980,11321,286,11035,63301
1108,63012,1875,8734,0,8734,10609
1109,63013,48944,194988,568,194420,243932
1110,63014,368051,107206,49158,58048,475257
1111,63015,65357,13410,13410,0,78767
1112,63016,4291,32533,0,32533,36824
1113,63017,338578,52460,52161,299,391038
1114,63018,223151,183360,54685,128675,406511
1115,63019,18666,61,61,0,18727
1116,63020,46481,150081,1006,149075,196562
1117,63021,17805,35246,77,35169,53051
1118,63022,631,409,0,409,1040
1119,63023,70979,302019,4757,297262,372998
1120,63024,66864,197447,1600,195847,264311
1121,63025,35148,33562,1621,31941,68710
1122,63026,26617,2705,2705,0,29322
1123,63027,51851,3729,166,3563,55580
1124,63028,16968,88,88,0,17056
1125,63029,43158,508,508,0,43666
1126,63030,48614,95086,1423,93663,143700
1127,63031,8677,0,0,0,8677
1128,64001,159493,27597,27597,0,187090
1129,64002,144719,18558,18558,0,163277
1130,64003,498983,82019,82019,0,581002
1131,64004,297498,52052,52052,0,349550
1132,65001,75887,135275,2925,132350,211162
1133,65002,72239,15858,301,15557,88097
1134,65003,58862,68524,1372,67152,127386
1135,65004,18349,10731,128,10603,29080
1136,65005,146019,217162,1646,215516,363181
1137,65006,3706,27630,0,27630,31336
1138,65007,124853,42215,3913,38302,167068
1139,65008,27649,11911,0,11911,39560
1140,65009,12550,5108,295,4813,17658
1141,65010,14139,12031,0,12031,26170
1142,65011,79927,61521,3317,58204,141448
1143,65012,36017,1428,306,1122,37445
1144,66001,81867,614546,3803,610743,696413
1145,66002,13417,14785,380,14405,28202
1146,66003,54203,32539,2745,29794,86742
1147,66004,63040,29516,7657,21859,92556
1148,66005,14158,1834,1834,0,15992
1149,67001,16600,15784,1861,13923,32384
1150,67002,288640,17859,1637,16222,306499
1151,67003,112220,10708,2788,7920,122928
1152,67004,2298,3786,318,3468,6084
1153,67005,9975,1457,731,726,11432
1154,67006,22156,0,0,0,22156
1155,67007,37296,15,15,0,37311
1156,67008,33916,107,107,0,34023
1157,68001,157123,12054,2151,9903,169177
1158,68002,9201,697,697,0,9898
1159,68003,4803,5296,5296,0,10099
1160,69001,123268,102024,3995,98029,225292
1161,69002,135240,2148,2148,0,137388
1162,69003,210254,235762,6998,228764,446016
1163,69004,4013,7517,0,7517,11530
1164,69005,23017,5614,5614,0,28631
1165,69006,3433,7203,1626,5577,10636
1166,69007,54160,3088,1920,1168,57248
1167,69008,3005,3737,970,2767,6742
1168,69009,254,15414,15414,0,15668
1169,69010,28022,12570,12570,0,40592
1170,69011,78442,3528,1398,2130,81970
1171,69012,49027,46283,2699,43584,95310
1172,69013,35952,11771,632,11139,47723
1173,69014,217,34281,6262,28019,34498
1174,69015,79567,20253,7683,12570,99820
1175,69016,28878,1404,585,819,30282
1176,70001,31895,56063,0,56063,87958
1177,70002,37761,86708,116,86592,124469
1178,70003,336950,14853,5761,9092,351803
1179,70004,4845,72235,0,72235,77080
1180,70005,18526,118,118,0,18644
1181,70006,38619,476,476,0,39095
1182,70007,97612,2060,706,1354,99672
1183,70008,61432,29512,0,29512,90944
1184,70009,204824,842,842,0,205666
1185,70010,208108,1444,1444,0,209552
1186,71001,386338,806808,22184,784624,1193146
1187,71002,310118,24794,4935,19859,334912
1188,71003,11744,377429,0,377429,389173
1189,71004,97921,289342,6163,283179,387263
1190,71005,14501,25891,0,25891,40392
1191,71006,6365,7944,0,7944,14309
1192,71007,2277,6816,0,6816,9093
1193,71008,16982,38515,1150,37365,55497
1194,71009,14788,19050,113,18937,33838
1195,72001,560557,179648,87889,91759,740205
1196,72002,8992,55636,0,55636,64628
1197,72003,2224,3141,0,3141,5365
1198,72004,11561,35915,264,35651,47476
1199,73001,54899,59149,274,58875,114048
1200,73002,139567,756367,6942,749425,895934
1201,73003,46625,5314,0,5314,51939
1202,73004,58270,459215,3788,455427,517485
1203,73005,54273,351328,4476,346852,405601
1204,73006,27408,14807,7393,7414,42215
1205,73007,76434,407096,520,406576,483530
1206,73008,148810,442027,5075,436952,590837
1207,73009,89064,65753,3593,62160,154817
1208,73010,1638,1063,0,1063,2701
1209,73011,142866,26060,8931,17129,168926
1210,73012,354341,1005256,15979,989277,1359597
1211,73013,39798,56677,1544,55133,96475
1212,73014,56782,4643,4643,0,61425
1213,73015,16790,7896,207,7689,24686
1214,73016,30752,270083,580,269503,300835
1215,73017,109344,213165,3452,209713,322509
1216,73018,21786,11732,0,11732,33518
1217,73019,562756,1032903,35137,997766,1595659
1218,74001,266343,23419,23419,0,289762
1219,75001,33089,458968,29,458939,492057
1220,75002,965377,70315,2548,67767,1035692
1221,75003,3690,0,0,0,3690
1222,75004,619109,125387,9633,115754,744496
1223,75005,4795,0,0,0,4795
1224,75006,24326,0,0,0,24326
1225,75007,17507,0,0,0,17507
1226,75008,20686,0,0,0,20686
1227,75009,26135,59584,526,59058,85719
1228,75010,4302,0,0,0,4302
1229,75011,135852,10490,920,9570,146342
1230,75012,12627,100962,80,100882,113589
1231,75013,224165,11471,3597,7874,235636
1232,75014,57565,39882,2657,37225,97447
1233,75015,29714,1739,1739,0,31453
1234,75016,6946,0,0,0,6946
1235,76001,22013,122952,0,122952,144965
1236,76002,54006,34130,0,34130,88136
1237,76003,32851,10911,2613,8298,43762
1238,76004,133411,14999,0,14999,148410
1239,76005,4510,19227,0,19227,23737
1240,76006,21461,121751,17,121734,143212
1241,76007,133529,12773,1425,11348,146302
1242,76008,28034,62203,1783,60420,90237
1243,76009,91310,121931,8698,113233,213241
1244,76010,7712,10786,19,10767,18498
1245,76011,6526,5574,546,5028,12100
1246,76012,55774,22760,3757,19003,78534
1247,76013,1219,1777,0,1777,2996
1248,76014,24121,381,381,0,24502
1249,76015,30731,28540,1411,27129,59271
1250,76016,166295,34434,18367,16067,200729
1251,76017,30045,9587,0,9587,39632
1252,76018,44968,8569,4256,4313,53537
1253,76019,812,879,0,879,1691
1254,76020,11358,1662,1662,0,13020
1255,76021,4829,3560,0,3560,8389
1256,77001,18577,673,673,0,19250
1257,77002,12646,46582,5328,41254,59228
1258,77003,10162,1179,1179,0,11341
1259,77004,7126,426,426,0,7552
1260,77005,45207,2906,2906,0,48113
1261,77006,1469,2502,441,2061,3971
1262,78001,5087,26508,0,26508,31595
1263,78002,222961,35909,12683,23226,258870
1264,78003,152622,32376,11130,21246,184998
1265,78004,27954,64176,2056,62120,92130
1266,78005,2055,2832,0,2832,4887
1267,78006,57202,44520,497,44023,101722
1268,78007,11700,60644,0,60644,72344
1269,78008,93373,6972,1157,5815,100345
1270,78009,60887,11125,4561,6564,72012
1271,78010,178560,14136,6885,7251,192696
1272,78011,104272,2132,2132,0,106404
1273,78012,39797,4857,2484,2373,44654
1274,78013,22908,29506,623,28883,52414
1275,78014,58521,210019,739,209280,268540
1276,78015,14492,23456,0,23456,37948
1277,78016,14729,17415,284,17131,32144
1278,78017,101350,846700,1919,844781,948050
1279,78018,8470,14534,0,14534,23004
1280,78019,60953,71984,2364,69620,132937
1281,78020,2278,19397,0,19397,21675
1282,78021,27900,13346,2339,11007,41246
1283,78022,38101,3016,2293,723,41117
1284,78023,2890,12462,0,12462,15352
1285,78024,9606,16617,704,15913,26223
1286,78025,195442,395662,10918,384744,591104
1287,78026,7541,19380,0,19380,26921
1288,78027,68748,315493,4852,310641,384241
1289,79001,124444,1147,1147,0,125591
1290,79002,139364,0,0,0,139364
1291,79003,40598,0,0,0,40598
1292,79004,91158,6458,6458,0,97616
1293,79005,265388,104,104,0,265492
1294,79006,265675,176,176,0,265851
1295,80001,385532,8358,8358,0,393890
1296,80002,205899,8551,8551,0,214450
1297,80003,145539,6955,6955,0,152494
1298,80004,24523,0,0,0,24523
1299,80005,126380,7546,7546,0,133926
1300,81001,80883,1900,1900,0,82783
1301,81002,206440,66587,66587,0,273027
1302,82001,321835,4125,3643,482,325960
1303,82002,32208,0,0,0,32208
1304,82003,145225,11188,11188,0,156413
1305,82004,202624,1911,1911,0,204535
1306,82005,32558,8819,2795,6024,41377
1307,82006,273219,28819,26325,2494,302038
1308,83001,740401,361250,127891,233359,1101651
1309,83002,146654,219512,13036,206476,366166
1310,83003,64538,86735,147,86588,151273
1311,83004,18497,48833,1293,47540,67330
1312,83005,50049,70220,4081,66139,120269
1313,83006,588636,371698,121067,250631,960334
1314,83007,144088,145779,27581,118198,289867
1315,84001,231125,5046,220,4826,236171
1316,84002,64345,0,0,0,64345
1317,85001,323959,4949,4508,441,328908
1318,85002,385109,32498,30290,2208,417607
1319,86001,199151,27321,27321,0,226472
1320,86002,100615,25463,8917,16546,126078
1321,86003,17554,3635,3635,0,21189
1322,86004,1420,2478,2478,0,3898
1323,86005,1564,1433,1433,0,2997
1324,87001,457159,19190,19190,0,476349
1325,88001,662389,90577,90577,0,752966
1326,89001,745262,67306,32169,35137,812568
1327,89002,245703,9492,9492,0,255195
1328,90001,111003,7849,7849,0,118852
1329,90002,169339,9495,9495,0,178834
1330,90003,5808,30,30,0,5838
1331,91001,1021086,36246,18682,17564,1057332
1332,91002,11507,1671,0,1671,13178
1333,91003,102647,5841,3418,2423,108488
1334,91004,50696,865,865,0,51561
1335,92001,57168,4232,4232,0,61400
1336,92002,118712,2635,2635,0,121347
1337,92003,14354,145,145,0,14499
1338,93001,637670,32478,29979,2499,670148
1339,93002,161173,763,763,0,161936
1340,93003,715400,96769,83048,13721,812169
1341,93004,19262,2321,2321,0,21583
1342,93005,49253,0,0,0,49253
1343,93006,40393,0,0,0,40393
1344,93007,58076,563,563,0,58639
1345,94001,952982,17236,17236,0,970218
1346,94002,153425,3278,3254,24,156703
1347,94003,263962,6046,6046,0,270008
1348,94004,6034,0,0,0,6034
1349,94005,119046,423,423,0,119469
1350,94006,127,1362,1362,0,1489
1351,94007,110144,3668,1270,2398,113812
1352,94008,69161,5176,5176,0,74337
1353,94009,34259,0,0,0,34259
1354,94010,75733,7985,7985,0,83718
1355,94011,11756,0,0,0,11756
1356,94012,198886,17867,17733,134,216753
1357,94013,1476617,107859,107859,0,1584476
1358,95001,592533,4110,4110,0,596643
1359,96001,12138,0,0,0,12138
1360,97001,158800,14934,14934,0,173734
1361,97002,83551,8721,8721,0,92272
1362,97003,25303,1316,1316,0,26619
1363,97004,155852,14524,14481,43,170376
1364,98001,122710,2821814,14625,2807189,2944524
1365,98002,43319,44863,2279,42584,88182
1366,98003,85325,62940,4406,58534,148265
1367,98004,57980,62272,10354,51918,120252
1368,98005,99956,105905,8050,97855,205861
1369,98006,1869,4835,0,4835,6704
1370,98007,1998,3906,0,3906,5904
1371,98008,61512,38126,2457,35669,99638
1372,98009,12242,10798,0,10798,23040
1373,98010,15795,11595,235,11360,27390
1374,98011,2624,6651,109,6542,9275
1375,98012,19735,30878,2662,28216,50613
1376,98013,657346,1645571,48543,1597028,2302917
1377,98014,165927,387362,4130,383232,553289
1378,98015,21723,14536,1072,13464,36259
1379,98016,244545,278126,1532,276594,522671
1380,98017,2471,4209,195,4014,6680
1381,98018,96073,3182598,1419,3181179,3278671
1382,99001,492099,640690,80003,560687,1132789
1383,99002,13604,24908,0,24908,38512
1384,99003,154707,330668,6900,323768,485375
1385,99004,50884,540,540,0,51424
1386,100001,245037,18148,18148,0,263185
1387,100002,164035,196760,196760,0,360795
1388,100003,25678,17085,17085,0,42763
1389,100004,427408,125286,125286,0,552694
1390,100005,96060,1517,1517,0,97577
1391,100006,217040,2838,2838,0,219878
1392,100007,348383,25898,25898,0,374281
1393,100008,28188,134,134,0,28322
1394,101001,167433,348012,10510,337502,515445
1395,101002,660886,626753,32516,594237,1287639
1396,101003,189603,84468,1570,82898,274071
1397,102001,121747,20596,20596,0,142343
1398,102002,188834,169853,42813,127040,358687
1399,102003,4280,8021,0,8021,12301
1400,102004,13520,379123,346,378777,392643
1401,102005,83012,40377,9949,30428,123389
1402,102006,0,7331,5401,1930,7331
1403,102007,12903,23765,120,23645,36668
1404,102008,4136,5421,0,5421,9557
1405,102009,24803,15093,1104,13989,39896
1406,102010,3575,9094,0,9094,12669
1407,102011,10444,20598,0,20598,31042
1408,102012,3062,12615,0,12615,15677
1409,103001,34272,11407,884,10523,45679
1410,103002,217672,65940,12958,52982,283612
1411,103003,17478,24844,41,24803,42322
1412,103004,2791,4761,0,4761,7552
1413,104001,74532,9395,1752,7643,83927
1414,104002,131940,147339,4893,142446,279279
1415,104003,23913,5327,85,5242,29240
1416,104004,89416,37426,965,36461,126842
1417,104005,539036,937551,10725,926826,1476587
1418,104006,94196,17265,86,17179,111461
1419,104007,2030,3356,0,3356,5386
1420,104008,4146,10133,175,9958,14279
1421,104009,2632,1392,0,1392,4024
1422,105001,135137,583093,3554,579539,718230
1423,105002,2522,1003,0,1003,3525
1424,105003,0,43696,24783,18913,43696
1425,105004,3258,4292,0,4292,7550
1426,105005,1142,477,0,477,1619
1427,105006,83631,5902,5437,465,89533
1428,105007,36243,83439,0,83439,119682
1429,105008,229827,332618,4070,328548,562445
1430,105009,6271,0,0,0,6271
1431,105010,28796,123,123,0,28919
1432,105011,30606,47261,0,47261,77867
1433,105012,26813,18819,266,18553,45632
1434,105013,27644,28340,0,28340,55984
1435,105014,8712,0,0,0,8712
1436,105015,0,13203,10679,2524,13203
1437,105016,336566,486922,6424,480498,823488
1438,105017,2186,826,97,729,3012
1439,105018,124278,43465,2777,40688,167743
1440,105019,3752,11469,0,11469,15221
1441,105020,41229,25477,996,24481,66706
1442,105021,8041,7216,255,6961,15257
1443,105022,1652,3433,0,3433,5085
1444,105023,376274,122828,31420,91408,499102
1445,106001,352158,7463,7463,0,359621
1446,106002,456766,2917,2159,758,459683
1447,106003,3197,0,0,0,3197
1448,106004,3115,0,0,0,3115
1449,106005,748745,76185,76185,0,824930
1450,106006,484419,3307,3223,84,487726
1451,106007,1322766,55845,55829,16,1378611
1452,107001,286509,84161,84161,0,370670
1453,107002,53285,240184,240184,0,293469
1454,107003,48017,16878,16878,0,64895
1455,107004,89387,14107,14107,0,103494
1456,108001,213701,980644,8824,971820,1194345
1457,108002,903709,2456019,165474,2290545,3359728
1458,108003,102387,1416829,4323,1412506,1519216
1459,108004,357831,24661,24661,0,382492
1460,108005,13631,840,840,0,14471
1461,108006,258799,153077,30286,122791,411876
1462,108007,16235,43895,0,43895,60130
1463,108008,12127,18959,291,18668,31086
1464,108009,225215,17570,17570,0,242785
1465,108010,8303,27250,0,27250,35553
1466,108011,14069,45252,102,45150,59321
1467,108012,3034,2095,0,2095,5129
1468,108013,3677,21192,0,21192,24869
1469,108014,1851,4819,0,4819,6670
1470,108015,6562,6080,0,6080,12642
1471,108016,17777,52677,0,52677,70454
1472,109001,122802,50001,50001,0,172803
1473,109002,22618,0,0,0,22618
1474,109003,2840,4196,0,4196,7036
1475,109004,16836,40115,0,40115,56951
1476,109005,702913,228118,228118,0,931031
1477,109006,206954,130864,12740,118124,337818
1478,109007,6611,110,110,0,6721
1479,110001,98936,1974,1974,0,100910
1480,110002,78318,8807,8807,0,87125
1481,110003,40100,2420,2420,0,42520
1482,111001,480033,51015,10931,40084,531048
1483,112001,2527,853,0,853,3380
1484,112002,1198,738,0,738,1936
1485,112003,3717,10606,0,10606,14323
1486,112004,2813,3376,0,3376,6189
1487,112005,402900,263511,5032,258479,666411
1488,113001,241757,4834,4834,0,246591
1489,113002,60610,310167,1128,309039,370777
1490,113003,73987,299,299,0,74286
1491,113004,11236,49283,0,49283,60519
1492,113005,46681,2833,2833,0,49514
1493,113006,173121,1176513,6132,1170381,1349634
1494,113007,13391,10,0,10,13401
1495,113008,530478,2306951,29862,2277089,2837429
1496,113009,281589,8831,8831,0,290420
1497,113010,5116,9652,0,9652,14768
1498,113011,28301,27717,490,27227,56018
1499,113012,1701,6595,0,6595,8296
1500,113013,118725,5236886,4209,5232677,5355611
1501,113014,4367,5233,0,5233,9600
1502,113015,78087,40653,2089,38564,118740
1503,113016,3348,13185,0,13185,16533
1504,113017,41055,10214,87,10127,51269
1505,113018,59788,45906,1489,44417,105694
1506,113019,1807,2427,0,2427,4234
1507,113020,10360,10523,0,10523,20883
1508,113021,1581,6161,0,6161,7742
1509,113022,2504,6001,0,6001,8505
1510,113023,90392,33073,96,32977,123465
1511,114001,257870,24357,24357,0,282227
1512,114002,340742,17044,17044,0,357786
1513,115001,935199,76577,20546,56031,1011776
1514,115002,20442,184,184,0,20626
1515,116001,148745,37293,8620,28673,186038
1516,116002,35472,1491,1491,0,36963
1517,116003,34940,1624,1624,0,36564
1518,116004,53366,1621,1621,0,54987
1519,116005,57934,623,623,0,58557
1520,116006,20645,39,39,0,20684
1521,116007,1020492,80828,50944,29884,1101320
1522,117001,54090,773,773,0,54863
1523,117002,111833,3752,3752,0,115585
1524,117003,56239,10639,7798,2841,66878
1525,117004,36122,645,645,0,36767
1526,117005,168619,7025,7025,0,175644
1527,117006,283370,7524,7524,0,290894
1528,117007,157002,694,694,0,157696
1529,117008,94774,2514,2514,0,97288
1530,117009,8573,431,431,0,9004
1531,117010,27437,5410,5410,0,32847
1532,117011,271336,9366,9366,0,280702
1533,117012,756945,102453,95843,6610,859398
1534,117013,511612,40378,40378,0,551990
1535,117014,83022,2908,2908,0,85930
1536,117015,23934,2568,2568,0,26502
1537,117016,235515,20482,20482,0,255997
1538,117017,212403,5590,5590,0,217993
1539,117018,60429,3806,3806,0,64235
1540,117019,177328,15007,15007,0,192335
1541,117020,130069,14478,14478,0,144547
1542,117021,114463,5082,5082,0,119545
1543,117022,87451,1677,1677,0,89128
1544,117023,7103,1611,1611,0,8714
1545,117024,409446,10237,10237,0,419683
1546,117025,113209,3176,3176,0,116385
1547,117026,477596,48218,48218,0,525814
1548,117027,168421,9120,9120,0,177541
1549,117028,206194,10929,10929,0,217123
1550,117029,73483,4807,4807,0,78290
1551,117030,36890,2944,2944,0,39834
1552,117031,140972,23282,5472,17810,164254
1553,117032,95613,14014,411,13603,109627
1554,117033,207162,14557,5282,9275,221719
1555,117034,242901,14810,11361,3449,257711
1556,117035,1222654,120756,37704,83052,1343410
1557,117036,899897,20447,20447,0,920344
1558,117037,23948,0,0,0,23948
1559,118001,952394,41855,33422,8433,994249
1560,118002,65547,20553,3032,17521,86100
1561,118003,11082,0,0,0,11082
1562,118004,120509,7065,7065,0,127574
1563,119001,226960,660000,7012,652988,886960
1564,119002,248593,13465,13169,296,262058
1565,120001,311227,44416,30957,13459,355643
1566,120002,357638,67449,24726,42723,425087
1567,120003,221681,66486,33840,32646,288167
1568,120004,32752,16253,6227,10026,49005
1569,120005,18438,16163,1921,14242,34601
1570,120006,56136,70722,1922,68800,126858
1571,120007,55165,33213,1042,32171,88378
1572,120008,42169,156046,2839,153207,198215
1573,121001,373997,1712273,25128,1687145,2086270
1574,121002,507,863,0,863,1370
1575,121003,13287,17265,235,17030,30552
1576,122001,282212,1044920,3490,1041430,1327132
1577,122002,164557,120851,766,120085,285408
1578,122003,37234,145394,0,145394,182628
1579,123001,185044,32625,7350,25275,217669
1580,123002,0,2744,1493,1251,2744
1581,124001,165358,13564,5785,7779,178922
1582,124002,22535,17003,2611,14392,39538
1583,125001,144170,89127,6104,83023,233297
1584,125002,98897,1375454,1187,1374267,1474351
1585,125003,1023,629,0,629,1652
1586,125004,1573,1698,0,1698,3271
1587,125005,75610,157190,4317,152873,232800
1588,125006,3505,4788,0,4788,8293
1589,125007,1621,1609,0,1609,3230
1590,125008,1082,1157,0,1157,2239
1591,125009,1324,2465,0,2465,3789
1592,125010,880,1252,0,1252,2132
1593,125011,6132,4426,68,4358,10558
1594,125012,995,1506,0,1506,2501
1595,125013,739,1223,0,1223,1962
1596,126001,519151,318824,31147,287677,837975
1597,126002,139402,34362,7708,26654,173764
1598,126003,63128,11921,11921,0,75049
1599,126004,308525,52633,8413,44220,361158
1600,126005,148985,2617,2617,0,151602
1601,126006,2184,7132,0,7132,9316
1602,126007,169317,136887,12085,124802,306204
1603,126008,746,2892,0,2892,3638
1604,126009,61688,56549,3811,52738,118237
1605,127001,502586,33912,33912,0,536498
1606,127002,17043,2338,2338,0,19381
1607,127003,604002,30433,30433,0,634435
1608,127004,73290,6061,6061,0,79351
1609,127005,127996,1937,1937,0,129933
1610,127006,263380,108893,108893,0,372273
1611,127007,172628,14586,14586,0,187214
1612,127008,159457,9774,9774,0,169231
1613,127009,258311,22870,19680,3190,281181
1614,127010,669765,11834,11834,0,681599
1615,127011,466809,27488,27488,0,494297
1616,127012,25524,5477,5477,0,31001
1617,127013,181100,20100,20100,0,201200
1618,127014,130235,33957,33957,0,164192
1619,127015,345546,45474,45474,0,391020
1620,127016,87350,17741,17741,0,105091
1621,127017,72934,119650,610,119040,192584
1622,127018,97696,53793,5613,48180,151489
1623,127019,109735,64974,2142,62832,174709
1624,128001,552228,1080,1080,0,553308
1625,128002,54497,1096,1096,0,55593
1626,129001,392832,151610,151610,0,544442
1627,129002,77621,11631,11631,0,89252
1628,129003,1236758,637968,185613,452355,1874726
1629,129004,9770,2514,2514,0,12284
1630,129005,78199,13363,13363,0,91562
1631,129006,129613,28601,28601,0,158214
1632,129007,1811,13641,13641,0,15452
1633,129008,165342,474081,6504,467577,639423
1634,129009,39412,6180,3767,2413,45592
1635,129010,1673,923,923,0,2596
1636,129011,5255,9642,9642,0,14897
1637,129012,1191,4669,4669,0,5860
1638,129013,17629,5165,3034,2131,22794
1639,129014,8458,1803,1313,490,10261
1640,129015,100784,25321,8758,16563,126105
1641,129016,309301,77529,36622,40907,386830
1642,129017,1045,3165,0,3165,4210
1643,129018,2667,1497,0,1497,4164
1644,129019,1005,1403,0,1403,2408
1645,129020,1151,2307,0,2307,3458
1646,129021,4873,8095,0,8095,12968
1647,129022,1925,7320,0,7320,9245
1648,129023,1153,3275,0,3275,4428
1649,130001,364152,3705626,13843,3691783,4069778
1650,130002,20038,36099,0,36099,56137
1651,130003,2940,1131,75,1056,4071
1652,130004,45413,9528,340,9188,54941
1653,130005,132417,66247,2316,63931,198664
1654,130006,3007,4889,0,4889,7896
1655,130007,22896,19119,102,19017,42015
1656,131001,672313,787853,6503,781350,1460166
1657,131002,549526,1088049,37653,1050396,1637575
1658,131003,173272,329689,667,329022,502961
1659,131004,68837,936,936,0,69773
1660,131005,1016750,39507,39347,160,1056257
1661,132001,917987,52322,52322,0,970309
1662,132002,139851,215362,5931,209431,355213
1663,133001,58020,154138,4,154134,212158
1664,134001,259952,2205,2205,0,262157
1665,134002,5221,0,0,0,5221
1666,134003,53841,94285,2597,91688,148126
1667,134004,98238,273019,4893,268126,371257
1668,135001,11567,12315,0,12315,23882
1669,136001,16798,126943,3894,123049,143741
1670,136002,51263,78418,7537,70881,129681
1671,136003,646,418,91,327,1064
1672,137001,86863,298074,17048,281026,384937
1673,137002,92404,399845,33812,366033,492249
1674,137003,743,2794,0,2794,3537
1675,138001,135207,72859,31636,41223,208066
1676,138002,77357,18688,17692,996,96045
1677,138003,31187,3109,3109,0,34296
1678,138004,1609,218,218,0,1827
1679,138005,76002,19993,19993,0,95995
1680,138006,41962,22473,22473,0,64435
1681,138007,11470,3670,3670,0,15140
1682,138008,22372,8661,8661,0,31033
1683,138009,4734,4738,4738,0,9472
1684,138010,3353,6954,6954,0,10307
1685,138011,2811,4085,4085,0,6896
1686,138012,12894,26619,26619,0,39513
1687,138013,617,2337,2337,0,2954
1688,138014,236016,115092,115092,0,351108
1689,138015,5999,19004,14470,4534,25003
1690,138016,4719,7881,7881,0,12600
1691,138017,2699,4179,4179,0,6878
1692,138018,650,2364,2364,0,3014
1693,138019,5717,4250,4250,0,9967
1694,138020,817,3751,3751,0,4568
1695,138021,1429,3208,3208,0,4637
1696,138022,3368,6979,6979,0,10347
1697,138023,168623,131132,56804,74328,299755
1698,138024,3622,4938,4938,0,8560
1699,138025,1674,1894,1894,0,3568
1700,138026,37214,24533,24533,0,61747
1701,138027,22185,12910,12910,0,35095
1702,138028,41690,24634,24634,0,66324
1703,138029,101152,13243,13243,0,114395
1704,138030,1701,1471,1471,0,3172
1705,138031,2560,720,505,215,3280
1706,139001,3753,63607,0,63607,67360
1707,139002,1451,489805,0,489805,491256
1708,139003,2198,39334,0,39334,41532
1709,139004,1189,9889,0,9889,11078
1710,139005,90172,42954,20829,22125,133126
1711,139006,926,10292,0,10292,11218
1712,139007,576,1744,0,1744,2320
1713,139008,2281,2172,32,2140,4453
1714,139009,907,4412,53,4359,5319
1715,139010,3235,3822,66,3756,7057
1716,139011,15955,4977,2744,2233,20932
1717,139012,14705,14581,1678,12903,29286
1718,139013,5280,2068,1281,787,7348
1719,139014,1298,11657,115,11542,12955
1720,139015,23652,11130,3586,7544,34782
1721,139016,2192,620,0,620,2812
1722,140001,85481,73891,9802,64089,159372
1723,140002,44107,38385,11674,26711,82492
1724,140003,1989,3534,0,3534,5523
1725,140004,27211,13377,4728,8649,40588
1726,140005,7683,9656,931,8725,17339
1727,140006,4958,11506,0,11506,16464
1728,140007,1526,937,0,937,2463
1729,140008,21821,16705,1658,15047,38526
1730,140009,6563,1993,1993,0,8556
1731,140010,11718,5155,1833,3322,16873
1732,141001,143975,11375,11375,0,155350
1733,141002,46700,2325,2325,0,49025
1734,141003,22146,7662,7662,0,29808
1735,141004,3214,635,635,0,3849
1736,142001,21664,336707,8,336699,358371
1737,142002,5889,29510,0,29510,35399
1738,142003,33523,445868,2420,443448,479391
1739,142004,36055,41027,2392,38635,77082
1740,142005,8851,10949,341,10608,19800
1741,142006,14426,429685,0,429685,444111
1742,142007,3269,2591,0,2591,5860
1743,142008,3724,3350,0,3350,7074
1744,142009,95583,6500,0,6500,102083
1745,142010,47911,0,0,0,47911
1746,142011,10195,149,149,0,10344
1747,142012,22517,0,0,0,22517
1748,143001,224415,37915,3020,34895,262330
1749,143002,37248,27322,1033,26289,64570
1750,143003,6331,6173,0,6173,12504
1751,143004,209494,1142,1112,30,210636
1752,143005,1232,1591,112,1479,2823
1753,143006,988,2597,0,2597,3585
1754,143007,4276,1352,1352,0,5628
1755,143008,12165,504,504,0,12669
1756,144001,6764,2577,2258,319,9341
1757,144002,46964,3648,3648,0,50612
1758,144003,24498,669,669,0,25167
1759,144004,205402,3973,3973,0,209375
1760,144005,85071,398,398,0,85469
1761,144006,8542,94,94,0,8636
1762,144007,122923,1587,1587,0,124510
1763,144008,147413,268,268,0,147681
1764,144009,77578,336,336,0,77914
1765,144010,24006,531,531,0,24537
1766,145001,11556,40,40,0,11596
1767,145002,70883,7568,7568,0,78451
1768,145003,9768,111,111,0,9879
1769,145004,59916,8631,1888,6743,68547
1770,145005,35105,22494,1136,21358,57599
1771,145006,10096,173,173,0,10269
1772,145007,6946,26198,0,26198,33144
1773,145008,12180,140,140,0,12320
1774,145009,149632,16394,16394,0,166026
1775,145010,17649,6354,6354,0,24003
1776,145011,4728,14,14,0,4742
1777,145012,224292,7821,7821,0,232113
1778,145013,95251,15205,15205,0,110456
1779,145014,13702,1330,1330,0,15032
1780,146001,58197,500,500,0,58697
1781,146002,151019,2126,2126,0,153145
1782,146003,297127,6640,6640,0,303767
1783,146004,9284,9228,9228,0,18512
1784,146005,253417,14027,14027,0,267444
1785,146006,19799,2533,2533,0,22332
1786,146007,46864,2080,2080,0,48944
1787,147001,304882,17106,17106,0,321988
1788,147002,68746,5558,5558,0,74304
1789,147003,446602,51590,51590,0,498192
1790,147004,335304,36282,36282,0,371586
1791,147005,5982,306,306,0,6288
1792,147006,86829,2457,2457,0,89286
1793,147007,58194,2583,2583,0,60777
1794,147008,22652,3,3,0,22655
1795,147009,155675,12528,12528,0,168203
1796,147010,440511,25479,25479,0,465990
1797,147011,285278,33881,33881,0,319159
1798,148001,564708,34495,34495,0,599203
1799,149001,311092,4797,4797,0,315889
1800,149002,207440,9324,9324,0,216764
1801,149003,60843,4487,4487,0,65330
1802,149004,114161,2505,2505,0,116666
1803,149005,89412,1629,1629,0,91041
1804,149006,53215,344,344,0,53559
1805,149007,170141,11174,11174,0,181315
1806,150001,671279,1818710,1744,1816966,2489989
1807,150002,6217,48487,47,48440,54704
1808,150003,7402,5294,0,5294,12696
1809,150004,3604,89,0,89,3693
1810,150005,946098,63950,63950,0,1010048
1811,151001,368116,33149,33149,0,401265
1812,151002,23644,421,421,0,24065
1813,151003,213533,47400,47400,0,260933
1814,151004,347746,3546,3546,0,351292
1815,151005,77971,598,598,0,78569
1816,151006,83801,6416,6416,0,90217
1817,151007,157607,1604,1604,0,159211
1818,151008,35277,3980,3980,0,39257
1819,151009,106895,3023,3023,0,109918
1820,151010,131133,25652,25652,0,156785
1821,151011,50171,433,433,0,50604
1822,151012,35082,1268,1268,0,36350
1823,151013,102747,5570,5570,0,108317
1824,151014,144070,4083,4083,0,148153
1825,151015,50381,620,620,0,51001
1826,151016,47576,934,934,0,48510
1827,151017,40308,800,800,0,41108
1828,151018,62034,378,378,0,62412
1829,151019,38693,46,46,0,38739
1830,151020,150245,552,552,0,150797
1831,151021,74338,1240,1240,0,75578
1832,151022,9050,0,0,0,9050
1833,151023,9912,0,0,0,9912
1834,151024,111278,1558,1558,0,112836
1835,152001,225731,1307,1307,0,227038
1836,152002,213407,7341,7341,0,220748
1837,153001,185881,6045,6045,0,191926
1838,153002,114937,112137,2507,109630,227074
1839,153003,57966,597,597,0,58563
1840,153004,97039,1468,861,607,98507
1841,153005,73717,672,672,0,74389
1842,153006,5421,9963,127,9836,15384
1843,153007,21573,6029,341,5688,27602
1844,153008,59749,2109,1405,704,61858
1845,153009,9540,7577,0,7577,17117
1846,153010,42913,869,869,0,43782
1847,154001,197603,4249,4249,0,201852
1848,155001,63906,0,0,0,63906
1849,155002,209310,544,544,0,209854
1850,155003,460933,6507,6507,0,467440
1851,155004,42756,0,0,0,42756
1852,156001,481150,1436,1436,0,482586
1853,156002,421567,3297,3297,0,424864
1854,156003,54268,1969,1969,0,56237
1855,156004,537548,11887,11887,0,549435
1856,157001,4350,197068,0,197068,201418
1857,157002,1148,4467,0,4467,5615
1858,157003,9351,150579,60,150519,159930
1859,157004,2402,34217,0,34217,36619
1860,157005,6122,39920,0,39920,46042
1861,157006,276629,126608,16121,110487,403237
1862,157007,10784,289424,0,289424,300208
1863,157008,5753,95031,0,95031,100784
1864,157009,1642,10834,0,10834,12476
1865,157010,1347,16044,0,16044,17391
1866,157011,8216,956,0,956,9172
1867,157012,57135,228668,128,228540,285803
1868,157013,2576,28177,0,28177,30753
1869,157014,22058,142211,438,141773,164269
1870,157015,3196,29586,0,29586,32782
1871,157016,2253,8369,0,8369,10622
1872,157017,4174,6055,0,6055,10229
1873,157018,3214,5630,0,5630,8844
1874,157019,2903,17020,0,17020,19923
1875,157020,7759,24443,0,24443,32202
1876,157021,884,2212,0,2212,3096
1877,157022,2969,28114,0,28114,31083
1878,157023,6537,10709,260,10449,17246
1879,157024,23181,6125,1175,4950,29306
1880,157025,1389,751,751,0,2140
1881,157026,3718,3910,0,3910,7628
1882,158001,303138,216805,12782,204023,519943
1883,158002,0,7946,2131,5815,7946
1884,158003,1722,37625,21447,16178,39347
1885,158004,0,24852,9069,15783,24852
1886,158005,-1,5178,2606,2572,5177
1887,158006,0,13552,9057,4495,13552
1888,158007,0,14852,6339,8513,14852
1889,158008,0,14916,4149,10767,14916
1890,159001,38757,123868,411,123457,162625
1891,159002,2974,10504,0,10504,13478
1892,159003,209164,52505,24831,27674,261669
1893,159004,752834,520283,82239,438044,1273117
1894,159005,162576,95784,5484,90300,258360
1895,159006,82395,17969,8034,9935,100364
1896,159007,236989,66273,41263,25010,303262
1897,159008,25351,17704,2344,15360,43055
1898,159009,4026,7413,0,7413,11439
1899,159010,47271,1554,1554,0,48825
1900,159011,13448,597,597,0,14045
1901,159012,478679,45953,45953,0,524632
1902,159013,162310,9894,5332,4562,172204
1903,159014,25169,17526,1835,15691,42695
1904,159015,64753,2282,2282,0,67035
1905,159016,645622,76301,76301,0,721923
1906,159017,46463,6261,6261,0,52724
1907,159018,218268,15784,15784,0,234052
1908,159019,347861,54146,54146,0,402007
1909,160001,5793,325344,97,325247,331137
1910,160002,1789,10640,0,10640,12429
1911,160003,354836,232056,11361,220695,586892
1912,160004,47906,27453,5137,22316,75359
1913,160005,79399,40012,2465,37547,119411
1914,160006,172513,54109,13279,40830,226622
1915,160007,102117,35132,4807,30325,137249
1916,160008,12721,18408,244,18164,31129
1917,160009,58970,21261,2185,19076,80231
1918,160010,261670,59733,59733,0,321403
1919,160011,137062,22721,22721,0,159783
1920,161001,283269,40584,21378,19206,323853
1921,161002,234313,71955,19046,52909,306268
1922,161003,31194,2628,1656,972,33822
1923,161004,77384,10679,10679,0,88063
1924,161005,48580,8062,2004,6058,56642
1925,161006,3,3909,1536,2373,3912
1926,162001,452349,120863,120863,0,573212
1927,163001,398820,290390,109666,180724,689210
1928,163002,575082,206286,53991,152295,781368
1929,163003,122792,212577,1246,211331,335369
1930,163004,304393,62595,7328,55267,366988
1931,163005,2145,4352,0,4352,6497
1932,163006,3341,18512,18512,0,21853
1933,163007,2589,1025,0,1025,3614
1934,163008,7741,7458,7458,0,15199
1935,163009,112934,17934,15026,2908,130868
1936,163010,2588,8596,0,8596,11184
1937,163011,198473,55180,24479,30701,253653
1938,163012,118175,76837,26149,50688,195012
1939,163013,5063,5571,0,5571,10634
1940,163014,51137,11460,11460,0,62597
1941,164001,551434,79199,50546,28653,630633
1942,164002,347120,47788,28472,19316,394908
1943,164003,1323,2045,0,2045,3368
1944,164004,341534,42237,42237,0,383771
1945,164005,315515,3785,3785,0,319300
1946,164006,122712,1732,1732,0,124444
1947,165001,568396,116081,116081,0,684477
1948,165002,71528,2174,2174,0,73702
1949,165003,30382,2049,1197,852,32431
1950,165004,239727,63450,63450,0,303177
1951,165005,93082,107272,107272,0,200354
1952,165006,158490,16740,16740,0,175230
1953,165007,458671,39006,39006,0,497677
1954,166001,35300,0,0,0,35300
1955,166002,24151,203,203,0,24354
1956,166003,152742,11803,11803,0,164545
1957,167001,1222254,49714,49714,0,1271968
1958,167002,727005,76335,73801,2534,803340
1959,167003,255820,21917,21917,0,277737
1960,167004,573639,50991,50991,0,624630
1961,168001,678207,147854,147854,0,826061
1962,168002,13517,7201,7201,0,20718
1963,168003,1779789,631602,631602,0,2411391
1964,168004,4358,940,940,0,5298
1965,168005,60676,28510,28510,0,89186
1966,168006,548223,157406,157406,0,705629
1967,168007,28316,8701,8701,0,37017
1968,168008,340715,53994,53994,0,394709
1969,168009,45724,10126,10126,0,55850
1970,168010,2661,2635,2635,0,5296
1971,168011,586,1591,1591,0,2177
1972,168012,115423,44866,44866,0,160289
1973,168013,1719,2362,2362,0,4081
1974,168014,6411,7418,7418,0,13829
1975,168015,748,2540,2540,0,3288
1976,169001,814182,48413,48413,0,862595
1977,169002,127137,2972,2972,0,130109
1978,169003,10564,458,0,458,11022
1979,169004,336994,15457,15457,0,352451
1980,169005,599399,30295,30295,0,629694
1981,169006,54710,17267,17267,0,71977
1982,169007,23242,1290,1290,0,24532
1983,169008,142623,10645,10645,0,153268
1984,169009,168413,16642,16642,0,185055
1985,169010,220433,28049,28049,0,248482
1986,169011,1563906,119702,119702,0,1683608
1987,169012,95304,4736,4736,0,100040
1988,170001,1576789,218838,218838,0,1795627
1989,170002,617764,168347,168347,0,786111
1990,170003,477206,136537,136537,0,613743
1991,171001,32395,6462,6462,0,38857
1992,171002,329151,62162,62162,0,391313
1993,171003,316389,67245,67245,0,383634
1994,173001,475636,41202,41202,0,516838
1995,173002,269222,39315,39315,0,308537
1996,173003,630302,25073,25073,0,655375
1997,173004,65253,5074,5074,0,70327
1998,173005,186978,13631,13631,0,200609
1999,173006,135234,10846,10846,0,146080
2000,173007,18712,4514,4514,0,23226
2001,173008,177496,3891,3891,0,181387
2002,174001,105919,13226,13226,0,119145
2003,174002,227248,21272,21272,0,248520
2004,174003,333394,21348,21348,0,354742
2005,174004,23538,15299,15299,0,38837
2006,174005,94762,5769,5769,0,100531
2007,174006,139673,27274,27274,0,166947
2008,174007,60224,5165,5165,0,65389
2009,174008,9802,3421,3421,0,13223
2010,174009,9679,4093,4093,0,13772
2011,174010,90268,8258,8258,0,98526
2012,174011,46212,3037,3037,0,49249
2013,174012,27905,24509,24509,0,52414
2014,174013,12557,11764,11764,0,24321
2015,174014,31200,40313,40313,0,71513
2016,174015,2747,2499,2499,0,5246
2017,174016,149713,57716,57716,0,207429
2018,174017,5303,3438,3438,0,8741
2019,174018,7096,7655,7655,0,14751
2020,174019,29964,7507,7507,0,37471
2021,174020,7482,9078,9078,0,16560
2022,174021,18907,20311,20311,0,39218
2023,175001,338400,74136,74136,0,412536
2024,175002,14684,2336,2336,0,17020
2025,175003,123812,12292,12292,0,136104
2026,175004,7846,1213,1213,0,9059
2027,175005,16027,1798,1798,0,17825
2028,175006,14442,8948,8948,0,23390
2029,175007,5195,12360,12360,0,17555
2030,175008,9283,7081,7081,0,16364
2031,175009,1339450,207967,207967,0,1547417
2032,176001,354282,112630,112630,0,466912
2033,176002,154764,62671,62671,0,217435
2034,176003,45617,964,964,0,46581
2035,176004,3928,4328,4328,0,8256
2036,176005,35902,35898,35898,0,71800
2037,176006,21432,5349,5349,0,26781
2038,176007,21066,289354,289354,0,310420
2039,176008,44043,15725,15725,0,59768
2040,176009,198309,62128,62128,0,260437
2041,177001,280623,28271,28271,0,308894
2042,177002,97888,4283,4283,0,102171
2043,177003,106114,6850,6850,0,112964
2044,177004,84271,4907,4907,0,89178
2045,177005,80280,4558,4558,0,84838
2046,177006,536440,9762,9762,0,546202
2047,177007,50393,2077,2077,0,52470
2048,177008,33231,1938,1938,0,35169
2049,177009,59348,8848,8848,0,68196
2050,177010,32089,712,712,0,32801
2051,177011,282540,50652,50652,0,333192
2052,178001,90228,12424,12424,0,102652
2053,178002,388904,61820,61820,0,450724
2054,178003,971690,251487,251487,0,1223177
2055,178004,363329,36799,36799,0,400128
2056,178005,266452,68262,68262,0,334714
2057,179001,467333,330825,120074,210751,798158
2058,179002,357188,275227,101219,174008,632415
2059,179003,824,1900,0,1900,2724
2060,179004,792,1624,0,1624,2416
2061,179005,1327,4253,0,4253,5580
2062,179006,586004,121228,121178,50,707232
2063,180001,237160,268816,15301,253515,505976
2064,180002,201019,225408,3285,222123,426427
2065,180003,4112,3129,58,3071,7241
2066,181001,118132,22046,22046,0,140178
2067,181002,111894,9889,9889,0,121783
2068,181003,53440,16187,16187,0,69627
2069,181004,6497,2620,2620,0,9117
2070,181005,32445,14827,14827,0,47272
2071,181006,108653,25458,25458,0,134111
2072,181007,185238,236648,41952,194696,421886
2073,181008,17574,17118,17118,0,34692
2074,181009,32453,11490,11490,0,43943
2075,181010,4994,6068,6068,0,11062
2076,181011,3492,2805,2805,0,6297
2077,181012,430203,152063,152063,0,582266
2078,181013,7773,8966,8966,0,16739
2079,181014,872,1445,0,1445,2317
2080,181015,1133,373,373,0,1506
2081,181016,35747,3911,3911,0,39658
2082,181017,243934,15913,15913,0,259847
2083,181018,376444,71983,68425,3558,448427
2084,181019,41303,11745,11745,0,53048
2085,181020,129409,32395,32395,0,161804
2086,181021,81573,12726,12726,0,94299
2087,182001,58042,114473,786,113687,172515
2088,182002,1335,11985,0,11985,13320
2089,182003,9866,45428,833,44595,55294
2090,182004,106661,163483,3950,159533,270144
2091,182005,3471,808,0,808,4279
2092,182006,46108,55971,345,55626,102079
2093,183001,71540,15300,15300,0,86840
2094,183002,185064,128904,22930,105974,313968
2095,183003,56231,15985,1499,14486,72216
2096,184001,153942,158763,22009,136754,312705
2097,184002,68986,37725,1086,36639,106711
2098,184003,91994,208943,1355,207588,300937
2099,184004,46417,22862,6289,16573,69279
2100,184005,573571,540358,13854,526504,1113929
2101,184006,240691,613964,5878,608086,854655
2102,184007,16051,78,78,0,16129
2103,184008,302755,2436614,11056,2425558,2739369
2104,184009,735,986,0,986,1721
2105,184010,18171,3706,0,3706,21877
2106,184011,1082,939,0,939,2021
2107,184012,5958,70,70,0,6028
2108,184013,20899,500,500,0,21399
2109,184014,26057,1109,1109,0,27166
2110,184015,481312,51489425,16100,51473325,51970737
2111,185001,393720,19712,19712,0,413432
2112,185002,425456,187463,21629,165834,612919
2113,185003,190368,30044,10976,19068,220412
2114,185004,85866,19367,8770,10597,105233
2115,185005,185478,10765,10765,0,196243
2116,185006,25455,2583,2583,0,28038
2117,185007,232806,13969,5899,8070,246775
2118,185008,20330,30178,0,30178,50508
2119,186001,974440,1565323,56215,1509108,2539763
2120,186002,2025574,114902,114902,0,2140476
2121,187001,304567,45059,45059,0,349626
2122,187002,2758787,730008,730008,0,3488795
2123,187003,34837,15903,15903,0,50740
2124,187004,678679,547754,85654,462100,1226433
2125,187005,2450604,494253,494253,0,2944857
2126,187006,997597,819965,111012,708953,1817562
2127,187007,693955,442108,67192,374916,1136063
2128,188001,230836,597977,6075,591902,828813
2129,188002,2127484,265645,250588,15057,2393129
2130,188003,62619,8865,5496,3369,71484
2131,188004,58459,2473,801,1672,60932
2132,189001,3969,9394825,0,9394825,9398794
2133,189002,17786,113865,0,113865,131651
2134,189003,3944,44530,0,44530,48474
2135,189004,422,1632,0,1632,2054
2136,189005,545,6695,0,6695,7240
2137,189006,1058,13301,0,13301,14359
2138,189007,1254,31036,0,31036,32290
2139,189008,6249,45694,325,45369,51943
2140,189009,4829,17036,0,17036,21865
2141,189010,196,5622,0,5622,5818
2142,189011,206,6012,0,6012,6218
2143,190001,7813,3598386,0,3598386,3606199
2144,190002,2113,11037,0,11037,13150
2145,190003,2823,47443,0,47443,50266
2146,190004,14808,23028,502,22526,37836
2147,190005,6972,8257,0,8257,15229
2148,190006,159343,348550,38121,310429,507893
2149,190007,31401,53485,902,52583,84886
2150,190008,44840,91650,2096,89554,136490
2151,190009,6924,20774,334,20440,27698
2152,190010,498,5970,0,5970,6468
2153,190011,80,1515,0,1515,1595
2154,190012,309,602,0,602,911
2155,191001,9106,2953,2953,0,12059
2156,191002,13600,4962,4962,0,18562
2157,191003,4447,1333,1333,0,5780
2158,191004,426,530,530,0,956
2159,191005,1334,446,446,0,1780
2160,191006,3239,1285,1285,0,4524
2161,191007,4608,1183,1183,0,5791
2162,191008,130362,13544,13544,0,143906
2163,191009,6777,1485,1485,0,8262
2164,191010,4573,240,240,0,4813
2165,191011,2714,1296,1296,0,4010
2166,191012,1505,3781,3781,0,5286
2167,191013,20859,2268,2268,0,23127
2168,191014,21888,16335,16335,0,38223
2169,192001,25177,12051,2706,9345,37228
2170,192002,61035,16856,9922,6934,77891
2171,192003,161166,25330,24775,555,186496
2172,192004,66594,8395,8395,0,74989
2173,192005,147230,15296,15296,0,162526
2174,192006,87708,12899,12899,0,100607
2175,193001,50381,2187,2187,0,52568
2176,194001,22991,0,0,0,22991
2177,194002,850089,6856,6856,0,856945
2178,194003,44265,11409,11409,0,55674
2179,194004,28712,7590,7590,0,36302
2180,194005,70693,0,0,0,70693
2181,195001,37306,590,590,0,37896
2182,195002,17402,7027,7027,0,24429
2183,195003,34265,2783,2783,0,37048
2184,195004,65121,317,317,0,65438
2185,195005,26729,0,0,0,26729
2186,195006,57907,793,793,0,58700
2187,195007,281275,510,510,0,281785
2188,195008,49202,4362,4362,0,53564
2189,195009,26951,186,186,0,27137
2190,195010,308995,1095,1095,0,310090
2191,195011,430827,1896,1896,0,432723
2192,195012,119543,1270,1270,0,120813
2193,195013,449422,3940,3940,0,453362
2194,195014,25898,67,67,0,25965
2195,195015,82077,0,0,0,82077
2196,195016,43112,2492,2492,0,45604
2197,195017,38722,2627,2627,0,41349
2198,195018,106673,3530,3530,0,110203
2199,195019,78393,101,101,0,78494
2200,195020,163662,1239,1239,0,164901
2201,195021,19111,0,0,0,19111
2202,196001,180065,1100,1100,0,181165
2203,196002,1821,3602,3602,0,5423
2204,196003,45882,3,3,0,45885
2205,196004,482940,5538,5538,0,488478
2206,196005,76250,8423,8423,0,84673
2207,196006,42464,1106,1106,0,43570
2208,196007,1119,1002,1002,0,2121
2209,196008,452060,712,712,0,452772
2210,196009,186164,2328,2328,0,188492
2211,196010,95273,1105,1105,0,96378
2212,197001,382080,1201,1201,0,383281
2213,197002,62216,0,0,0,62216
2214,197003,52621,0,0,0,52621
2215,198001,198034,0,0,0,198034
2216,198002,151932,0,0,0,151932
2217,199001,170463,14345,14345,0,184808
2218,199002,668495,37144,37144,0,705639
2219,199003,955756,17745,17745,0,973501
2220,199004,13659,167,167,0,13826
2221,199005,369,5782,5782,0,6151
2222,199006,104911,17981,17981,0,122892
2223,199007,280682,40517,40517,0,321199
2224,199008,30348,711,711,0,31059
2225,199009,49263,9511,9511,0,58774
2226,199010,596604,17322,17322,0,613926
2227,199011,58675,6370,6370,0,65045
2228,200001,17921,2539,2539,0,20460
2229,200002,16011,3196,3196,0,19207
2230,200003,17293,1770,1770,0,19063
2231,200004,44143,300,300,0,44443
2232,200005,36579,1356,1356,0,37935
2233,200006,102910,919,919,0,103829
2234,200007,10664,2398,2398,0,13062
2235,200008,56255,1748,1748,0,58003
2236,200009,692,3192,3192,0,3884
2237,201001,402295,27055,27055,0,429350
2238,201002,301151,21221,21221,0,322372
2239,202001,146647,320204,320204,0,466851
2240,203001,198243,1318,1318,0,199561
2241,203002,41287,1525,1525,0,42812
2242,203003,402926,10960,10960,0,413886
2243,203004,221124,98168,98168,0,319292
2244,203005,135949,33488,33488,0,169437
2245,204001,345207,494038,494038,0,839245
2246,204002,36181,43009,43009,0,79190
2247,204003,98247,263595,263595,0,361842
2248,204004,11909,33013,33013,0,44922
2249,204005,17959,31712,31712,0,49671
2250,204006,73387,360,360,0,73747
2251,204007,128549,33099,33099,0,161648
2252,204008,99643,26017,26017,0,125660
2253,204009,190361,11528,11528,0,201889
2254,205001,38866,422725,422725,0,461591
2255,205002,4044,4970,4970,0,9014
2256,205003,114878,22056,22056,0,136934
2257,205004,55929,346,346,0,56275
2258,206001,55477,39404,39404,0,94881
2259,206002,436730,311479,311479,0,748209
2260,206003,37282,15058,15058,0,52340
2261,206004,89543,8981,8981,0,98524
2262,206005,32172,566,566,0,32738
2263,206006,51128,733,733,0,51861
2264,206007,53973,253,253,0,54226
2265,206008,44791,85321,85321,0,130112
2266,206009,338600,14483,14483,0,353083
2267,207001,115023,156499,156499,0,271522
2268,207002,75234,974,974,0,76208
2269,208001,321005,40245,40245,0,361250
2270,209001,17530,277,277,0,17807
2271,209002,7571,3423,3423,0,10994
2272,209003,9228,1782,1782,0,11010
2273,210001,8949,6719,6719,0,15668
2274,210002,458711,21283,21283,0,479994
2275,210003,2772,12197,12197,0,14969
2276,210004,64854,1787,1787,0,66641
2277,210005,232703,21127,21127,0,253830
2278,210006,254402,2998,2998,0,257400
2279,211001,437261,5686,5686,0,442947
2280,211002,123970,413,413,0,124383
2281,211003,8790,991,991,0,9781
2282,211004,16589,110,110,0,16699
2283,211005,120764,8211,8211,0,128975
2284,211006,19037,461,461,0,19498
2285,212001,90805,9283,9283,0,100088
2286,212002,116619,863,863,0,117482
2287,212003,1779,634,634,0,2413
2288,212004,3765,82,82,0,3847
2289,212005,3189,535,535,0,3724
2290,213001,197737,5888,5888,0,203625
2291,213002,315997,20413,20413,0,336410
2292,213003,14272,4287,4287,0,18559
2293,213004,535,1009,1009,0,1544
2294,214001,794473,141362,141362,0,935835
2295,214002,56559,9768,9768,0,66327
2296,214003,84251,40835,40835,0,125086
2297,215001,20247,11574,11574,0,31821
2298,215002,152706,27125,27125,0,179831
2299,215003,52603,44464,44464,0,97067
2300,215004,5063,7254,7254,0,12317
2301,215005,485782,83874,83874,0,569656
2302,216001,170487,10397,10397,0,180884
2303,216002,35086,1684,1684,0,36770
2304,216003,273567,11468,11468,0,285035
2305,217001,21631,3019,3019,0,24650
2306,217002,20823,0,0,0,20823
2307,217003,204137,11112,11112,0,215249
2308,217004,49500,3970,3970,0,53470
2309,217005,301193,12685,12685,0,313878
2310,217006,38658,6570,6570,0,45228
2311,217007,116358,4906,4906,0,121264
2312,217008,9366,1213,1213,0,10579
2313,217009,56172,3773,3773,0,59945
2314,217010,60138,11284,11284,0,71422
2315,217011,26297,4906,4906,0,31203
2316,217012,58187,1623,1623,0,59810
2317,217013,7728,3171,3171,0,10899
2318,217014,56585,12928,12928,0,69513
2319,217015,16584,442,442,0,17026
2320,218001,245100,47552,47552,0,292652
2321,218002,200017,5870,5870,0,205887
2322,218003,6877,239,239,0,7116
2323,218004,760123,48405,48405,0,808528
2324,218005,218419,34207,34207,0,252626
2325,218006,55903,3851,3851,0,59754
2326,218007,121737,847,847,0,122584
2327,218008,35352,1015,1015,0,36367
2328,218009,18555,0,0,0,18555
2329,218010,35750,313,313,0,36063
2330,219001,181276,9541,9541,0,190817
2331,219002,95638,1164,1164,0,96802
2332,219003,93005,817,817,0,93822
2333,219004,70290,164,164,0,70454
2334,219005,89425,1133,1133,0,90558
2335,219006,138454,15520,15520,0,153974
2336,219007,57799,10569,10569,0,68368
2337,220001,141857,13049,13049,0,154906
2338,220002,1978,3592,3592,0,5570
2339,220003,12849,6406,6406,0,19255
2340,220004,6638,3774,3774,0,10412
2341,220005,60693,1683,1683,0,62376
2342,220006,43362,13427,13427,0,56789
2343,220007,192377,7430,7430,0,199807
2344,220008,5470,2440,2440,0,7910
2345,220009,3820,5044,5044,0,8864
2346,220010,43859,14397,14397,0,58256
2347,220011,41234,5186,5186,0,46420
2348,220012,155477,8707,8707,0,164184
2349,220013,9310,2888,2888,0,12198
2350,220014,17275,3663,3663,0,20938
2351,220015,2613,2377,2377,0,4990
2352,220016,28688,2913,2913,0,31601
2353,220017,14986,6886,6886,0,21872
2354,220018,10399,4734,4734,0,15133
2355,220019,23181,2515,2515,0,25696
2356,220020,4910,1962,1962,0,6872
2357,220021,11020,853,853,0,11873
2358,220022,11891,2759,2759,0,14650
2359,220023,26014,8553,8553,0,34567
2360,221001,98462,444,444,0,98906
2361,221002,46275,0,0,0,46275
2362,222001,54462,474,474,0,54936
2363,222002,233332,1137,1137,0,234469
2364,222003,919,758,758,0,1677
2365,222004,181573,550,550,0,182123
2366,223001,365193,12939,12939,0,378132
2367,224001,173146,597832,597832,0,770978
2368,224002,6813,4774,4774,0,11587
2369,224003,203878,12536,12536,0,216414
2370,225001,92059,4700,4700,0,96759
2371,225002,105680,0,0,0,105680
2372,225003,45700,351,351,0,46051
2373,225004,275901,1361,1361,0,277262
2374,226001,129114,11053,11053,0,140167
2375,227001,94855,3437,3437,0,98292
2376,227002,55875,6564,6564,0,62439
2377,227003,79233,202,202,0,79435
2378,227004,28806,2165,2165,0,30971
2379,227005,65805,15131,15131,0,80936
2380,227006,170225,22704,22704,0,192929
2381,227007,42126,1004,1004,0,43130
2382,227008,215564,23294,23294,0,238858
2383,227009,131162,10240,10240,0,141402
2384,227010,27332,3083,3083,0,30415
2385,227011,165060,16094,16094,0,181154
2386,227012,160316,44346,44346,0,204662
2387,227013,13609,1619,1619,0,15228
2388,227014,32416,1346,1346,0,33762
2389,228001,413781,31737,31737,0,445518
2390,228002,194865,21600,21600,0,216465
2391,229001,112655,5860,5860,0,118515
2392,229002,78074,10979,10979,0,89053
2393,229003,26479,4851,4851,0,31330
2394,229004,297882,75254,75254,0,373136
2395,230001,76884,4019,4019,0,80903
2396,230002,285204,46639,46639,0,331843
2397,230003,288635,23315,23315,0,311950
2398,230004,130734,173044,173044,0,303778
2399,230005,200409,23431,23431,0,223840
2400,230006,3579,4056,4056,0,7635
2401,230007,586,1582,1582,0,2168
2402,230008,133184,23292,23292,0,156476
2403,230009,20688,879,879,0,21567
2404,230010,59970,4328,4328,0,64298
2405,231001,284139,998,998,0,285137
2406,231002,324035,6432,6432,0,330467
2407,232001,327154,43122,43122,0,370276
2408,232002,238848,20093,20093,0,258941
2409,232003,90289,914,914,0,91203
2410,232004,121003,105084,105084,0,226087
2411,232005,175844,6859,6859,0,182703
2412,232006,99465,18574,18574,0,118039
2413,232007,316080,223588,223588,0,539668
2414,232008,78516,11545,11545,0,90061
2415,232009,87592,292362,292362,0,379954
2416,232010,21329,30893,30893,0,52222
2417,233001,212586,9194,9194,0,221780
2418,233002,64536,1,1,0,64537
2419,233003,107722,116,116,0,107838
2420,233004,150422,453,453,0,150875
2421,234001,353815,2320,2320,0,356135
2422,234002,316036,3026,3026,0,319062
2423,235001,664066,9932,9932,0,673998
2424,235002,148119,190,190,0,148309
2425,235003,10983,812,812,0,11795
2426,235004,193113,10706,10706,0,203819
2427,235005,89155,168,168,0,89323
2428,235006,117134,499,499,0,117633
2429,235007,59589,93,93,0,59682
2430,235008,48222,0,0,0,48222
2431,236001,324774,2750,2750,0,327524
2432,236002,437411,21293,21293,0,458704
2433,236003,200082,1342,1342,0,201424
2434,236004,184802,1040,1040,0,185842
2435,236005,60394,1619,1619,0,62013
2436,236006,309102,1040,1040,0,310142
2437,236007,121466,0,0,0,121466
2438,236008,55564,651,651,0,56215
2439,236009,65838,861,861,0,66699
2440,236010,74176,64,64,0,74240
2441,237001,132009,2023,2023,0,134032
2442,237002,321583,38667,38667,0,360250
2443,237003,15498,83,83,0,15581
2444,237004,22585,0,0,0,22585
2445,237005,61992,4,4,0,61996
2446,237006,12644,134,134,0,12778
2447,238001,77563,657,657,0,78220
2448,238002,43273,0,0,0,43273
2449,238003,733,149,149,0,882
2450,238004,152,658,658,0,810
2451,238005,1762,77,77,0,1839
2452,238006,88509,2568,2568,0,91077
2453,238007,175435,110,110,0,175545
2454,238008,66224,6230,6230,0,72454
2455,238009,111002,3415,3415,0,114417
2456,238010,85907,17421,17421,0,103328
2457,238011,19743,1792,1792,0,21535
2458,239001,11360,1403,1403,0,12763
2459,239002,11981,36403,36403,0,48384
2460,239003,7755,202,202,0,7957
2461,239004,58322,2805,2805,0,61127
2462,239005,42896,541,541,0,43437
2463,239006,17081,9,9,0,17090
2464,239007,9559,3394,3394,0,12953
2465,239008,90160,5521,5521,0,95681
2466,239009,120800,3038,3038,0,123838
2467,239010,75318,6328,6328,0,81646
2468,239011,123358,2239,2239,0,125597
2469,239012,76689,2150,2150,0,78839
2470,241001,526934,13162,13162,0,540096
2471,241002,140523,2151,2151,0,142674
2472,241003,135078,4804,4804,0,139882
2473,241004,48198,43,43,0,48241
2474,241005,22953,4351,4351,0,27304
2475,241006,165694,9098,9098,0,174792
2476,241007,30035,4438,4438,0,34473
2477,241008,3832,4788,4788,0,8620
2478,241009,4211,7956,7956,0,12167
2479,241010,12175,5874,5874,0,18049
2480,241011,10804,10085,10085,0,20889
2481,241012,3774,8187,8187,0,11961
2482,241013,13512,143862,143862,0,157374
2483,241014,21149,15664,15664,0,36813
2484,242001,408016,31354,31354,0,439370
2485,242002,19949,9921,9921,0,29870
2486,242003,14583,6567,6567,0,21150
2487,242004,174965,5534,5534,0,180499
2488,242005,43390,27929,27929,0,71319
2489,242006,96413,659,659,0,97072
2490,242007,13938,5980,5980,0,19918
2491,242008,1426,953,953,0,2379
2492,242009,270577,8000,8000,0,278577
2493,242010,92860,466949,466949,0,559809
2494,242011,198822,38124,38124,0,236946
2495,242012,153428,371,371,0,153799
2496,242013,364527,30839,30839,0,395366
2497,242014,45836,38653,38653,0,84489
2498,242015,205741,18471,18471,0,224212
2499,242016,74150,1774,1774,0,75924
2500,242017,82956,37300,37300,0,120256
2501,242018,156146,78353,78353,0,234499
2502,242019,386011,65806,65806,0,451817
2503,242020,51946,1359,1359,0,53305
2504,242021,118437,0,0,0,118437
2505,242022,219835,487,487,0,220322
2506,242023,7613,197,197,0,7810
2507,242024,361654,1186,1186,0,362840
2508,242025,30129,223,223,0,30352
2509,242026,85781,0,0,0,85781
2510,242027,92511,37,37,0,92548
2511,242028,88653,190,190,0,88843
2512,242029,119649,204,204,0,119853
2513,243001,604628,48919,48919,0,653547
2514,243002,116563,621,621,0,117184
2515,243003,63678,2566,2566,0,66244
2516,243004,169155,2205,2205,0,171360
2517,243005,86226,6343,6343,0,92569
2518,244001,75314,23,23,0,75337
2519,244002,53300,28,28,0,53328
2520,244003,25912,9880,9880,0,35792
2521,244004,19293,0,0,0,19293
2522,244005,32530,29,29,0,32559
2523,244006,46534,85,85,0,46619
2524,244007,106508,0,0,0,106508
2525,244008,22970,55,55,0,23025
2526,244009,19430,0,0,0,19430
2527,244010,381003,1845,1845,0,382848
2528,244011,13058,0,0,0,13058
2529,244012,9253,2486,2486,0,11739
2530,244013,22696,55,55,0,22751
2531,244014,14899,0,0,0,14899
2532,244015,31259,0,0,0,31259
2533,244016,16144,6534,6534,0,22678
2534,244017,26594,81,81,0,26675
2535,244018,22021,0,0,0,22021
2536,244019,46941,46,46,0,46987
2537,244020,7489,0,0,0,7489
2538,244021,46493,613,613,0,47106
2539,244022,5036,0,0,0,5036
2540,244023,190879,71,71,0,190950
2541,244024,2733,0,0,0,2733
2542,244025,8422,0,0,0,8422
2543,244026,9886,0,0,0,9886
2544,244027,110664,2290,2290,0,112954
2545,244028,126191,359,359,0,126550
2546,244029,167387,0,0,0,167387
2547,244030,52641,0,0,0,52641
2548,244031,101476,0,0,0,101476
2549,244032,16615,0,0,0,16615
2550,244033,10570,3869,3869,0,14439
2551,244034,27823,0,0,0,27823
2552,244035,87722,1625,1625,0,89347
2553,244036,8686,0,0,0,8686
2554,244037,9273,3140,3140,0,12413
2555,244038,12340,0,0,0,12340
2556,244039,93798,0,0,0,93798
2557,244040,43027,0,0,0,43027
2558,244041,16722,0,0,0,16722
2559,244042,13138,0,0,0,13138
2560,244043,33275,0,0,0,33275
2561,244044,46055,0,0,0,46055
2562,244045,9354,0,0,0,9354
2563,244046,14173,0,0,0,14173
2564,244047,57081,241,241,0,57322
2565,244048,57432,0,0,0,57432
2566,244049,235552,501,501,0,236053
2567,244050,61087,0,0,0,61087
2568,244051,18123,0,0,0,18123
2569,244052,27466,173,173,0,27639
2570,244053,32968,22714,22714,0,55682
2571,244054,60570,0,0,0,60570
2572,244055,27058,0,0,0,27058
2573,244056,131895,0,0,0,131895
2574,244057,98219,349,349,0,98568
2575,244058,108639,0,0,0,108639
2576,244059,21582,0,0,0,21582
2577,244060,22961,0,0,0,22961
2578,244061,354900,0,0,0,354900
2579,244062,22841,0,0,0,22841
2580,244063,190653,1136,1136,0,191789
2581,244064,68579,0,0,0,68579
2582,244065,29783,0,0,0,29783
2583,244066,25658,0,0,0,25658
2584,244067,76018,243,243,0,76261
2585,244068,115439,618,618,0,116057
2586,244069,18781,0,0,0,18781
2587,244070,74753,0,0,0,74753
2588,245001,37023,0,0,0,37023
2589,245002,49668,0,0,0,49668
2590,245003,113827,629,629,0,114456
2591,245004,64530,0,0,0,64530
2592,245005,40464,49,49,0,40513
2593,245006,62475,0,0,0,62475
2594,246001,391136,959,959,0,392095
2595,246002,134878,162,162,0,135040
2596,246003,132047,1222,1222,0,133269
2597,247001,358069,6214,6214,0,364283
2598,247002,113210,43247,43247,0,156457
2599,247003,8792,0,0,0,8792
2600,247004,92672,734,734,0,93406
2601,247005,86830,251,251,0,87081
2602,247006,232640,2867,2867,0,235507
2603,247007,196921,3487,3487,0,200408
2604,247008,167726,8555,8555,0,176281
2605,247009,177486,2255,2255,0,179741
2606,247010,119891,259,259,0,120150
2607,248001,19569,7273,7273,0,26842
2608,248002,14775,2848,2848,0,17623
2609,248003,113314,1393,1393,0,114707
2610,248004,22419,13728,13728,0,36147
2611,248005,229926,456,456,0,230382
2612,248006,137111,5405,5405,0,142516
2613,248007,33423,1260,1260,0,34683
2614,248008,56573,490,490,0,57063
2615,248009,78199,0,0,0,78199
2616,248010,1814,699,699,0,2513
2617,248011,489529,11422,11422,0,500951
2618,248012,48588,0,0,0,48588
2619,248013,58561,81,81,0,58642
2620,248014,131655,0,0,0,131655
2621,248015,94768,0,0,0,94768
2622,249001,180287,1365,1365,0,181652
2623,249002,21890,2877,2877,0,24767
2624,249003,131116,1341,1341,0,132457
2625,249004,49594,183,183,0,49777
2626,249005,44610,732,732,0,45342
2627,249006,327412,5365,5365,0,332777
2628,249007,182077,3686,3686,0,185763
2629,250001,102031,703,703,0,102734
2630,250002,27898,0,0,0,27898
2631,250003,9343,13,13,0,9356
2632,250004,80088,0,0,0,80088
2633,251001,106588,9575,9575,0,116163
2634,251002,330060,10325,10325,0,340385
2635,251003,74989,35524,35524,0,110513
2636,251004,95232,195,195,0,95427
2637,251005,53425,9,9,0,53434
2638,251006,98895,8362,8362,0,107257
2639,251007,35685,722,722,0,36407
2640,251008,24023,71,71,0,24094
2641,251009,38735,0,0,0,38735
2642,251010,17144,59,59,0,17203
2643,251011,46040,0,0,0,46040
2644,251012,18095,372,372,0,18467
2645,251013,70124,458,458,0,70582
2646,252001,310616,3689,3689,0,314305
2647,252002,19971,0,0,0,19971
2648,252003,7687,6875,6875,0,14562
2649,252004,78640,0,0,0,78640
2650,252005,233429,149,149,0,233578
2651,252006,114816,2471,2471,0,117287
2652,252007,53346,0,0,0,53346
2653,252008,72939,0,0,0,72939
2654,252009,12891,141,141,0,13032
2655,252010,55205,1011,1011,0,56216
2656,252011,1826,1438,1438,0,3264
2657,252012,33949,3,3,0,33952
2658,252013,7161,0,0,0,7161
2659,252014,69004,1927,1927,0,70931
2660,252015,39002,0,0,0,39002
2661,252016,137340,14,14,0,137354
2662,252017,39228,106,106,0,39334
2663,252018,20339,0,0,0,20339
2664,252019,164189,173,173,0,164362
2665,252020,34728,0,0,0,34728
2666,252021,7146,0,0,0,7146
2667,252022,10660,1999,1999,0,12659
2668,252023,57943,53,53,0,57996
2669,252024,10644,114,114,0,10758
2670,252025,127179,260,260,0,127439
2671,252026,250125,0,0,0,250125
2672,252027,13493,3466,3466,0,16959
2673,252028,208548,1476,1476,0,210024
2674,252029,83558,91,91,0,83649
2675,252030,71806,54,54,0,71860
2676,252031,52677,22,22,0,52699
2677,252032,38293,92,92,0,38385
2678,253001,170169,0,0,0,170169
2679,253002,66753,0,0,0,66753
2680,253003,90156,0,0,0,90156
2681,253004,74117,0,0,0,74117
2682,253005,26039,0,0,0,26039
2683,253006,48338,4848,4848,0,53186
2684,253007,18206,0,0,0,18206
2685,254001,334793,1090,1090,0,335883
2686,254002,393894,9324,9324,0,403218
2687,254003,59311,0,0,0,59311
2688,254004,176020,10664,10664,0,186684
2689,255001,1532330,240684,240684,0,1773014
2690,255002,15453,25251,25251,0,40704
2691,255003,2235,8896,8896,0,11131
2692,255004,801913,107059,107059,0,908972
2693,255005,621030,141675,141675,0,762705
2694,255006,177361,45226,45226,0,222587
2695,256001,453691,35907,35907,0,489598
2696,256002,91088,4641,4641,0,95729
2697,257001,400642,179359,179359,0,580001
2698,257002,2091,1143,1143,0,3234
2699,257003,22745,11513,11513,0,34258
2700,257004,11797,5530,5530,0,17327
2701,257005,3939,7534,7534,0,11473
2702,257006,79,83,83,0,162
2703,257007,218107,72688,72688,0,290795
2704,257008,1064838,120240,120240,0,1185078
2705,257009,399887,88072,88072,0,487959
2706,258001,814632,137761,137761,0,952393
2707,258002,77643,11801,11801,0,89444
2708,258003,245497,37813,37813,0,283310
2709,258004,31207,12523,12523,0,43730
2710,258005,583799,130545,130545,0,714344
2711,258006,749817,236651,236651,0,986468
2712,258007,1426442,364817,364817,0,1791259
2713,258008,4870,6985,6985,0,11855
2714,258009,6571,9617,9617,0,16188
2715,258010,32324,15357,15357,0,47681
2716,258011,21798,11320,11320,0,33118
2717,258012,54456,28537,28537,0,82993
2718,258013,12021,3633,3633,0,15654
2719,258014,44012,23467,23467,0,67479
2720,259001,993964,233641,233641,0,1227605
2721,259002,176753,16986,16986,0,193739
2722,259003,82130,1286,1286,0,83416
2723,259004,85061,6441,6441,0,91502
2724,260001,53575,12098,12098,0,65673
2725,260002,1409,7452,7452,0,8861
2726,260003,30006,5293,5293,0,35299
2727,260004,244134,31699,31699,0,275833
2728,260005,873420,166408,166408,0,1039828
2729,260006,251282,31879,31879,0,283161
2730,261001,41243,10417,10417,0,51660
2731,261002,744,7378,7378,0,8122
2732,261003,156405,115632,115632,0,272037
2733,261004,2065,7780,7780,0,9845
2734,261005,77672,409556,409556,0,487228
2735,261006,135495,94256,94256,0,229751
2736,261007,2833,15678,15678,0,18511
2737,261008,116001,170523,170523,0,286524
2738,261009,188368,201746,201746,0,390114
2739,261010,5674,8917,8917,0,14591
2740,261011,12366,22814,22814,0,35180
2741,261012,1070,1626,1626,0,2696
2742,261013,4458,9180,9180,0,13638
2743,261014,10231,16183,16183,0,26414
2744,261015,22010,27814,27814,0,49824
2745,261016,4156,12713,12713,0,16869
2746,261017,25538,27865,27865,0,53403
2747,261018,8331,20143,20143,0,28474
2748,261019,947,1897,1897,0,2844
2749,261020,7450,19415,19415,0,26865
2750,261021,313,1698,1698,0,2011
2751,261022,3878,4939,4939,0,8817
2752,261023,11806,6807,6807,0,18613
2753,261024,17861,25247,25247,0,43108
2754,261025,2995,6888,6888,0,9883
2755,261026,1974,16093,16093,0,18067
2756,262001,80753,5411,5411,0,86164
2757,262002,60138,3769,3769,0,63907
2758,262003,53173,6794,6794,0,59967
2759,262004,1598949,211984,211984,0,1810933
2760,262005,49935,9473,9473,0,59408
2761,262006,173379,4995,4995,0,178374
2762,263001,2387270,328373,328373,0,2715643
2763,263002,6945,959,959,0,7904
2764,263003,5407,824,824,0,6231
2765,263004,48291,8299,8299,0,56590
2766,263005,7909,1379,1379,0,9288
2767,263006,64961,4694,4694,0,69655
2768,263007,15881,429,429,0,16310
2769,263008,751088,82037,82037,0,833125
2770,263009,50861,1510,1510,0,52371
2771,263010,22867,2749,2749,0,25616
2772,263011,40556,2052,2052,0,42608
2773,263012,54185,11320,11320,0,65505
2774,263013,25541,5010,5010,0,30551
2775,263014,398883,183574,183574,0,582457
2776,263015,10911,8217,8217,0,19128
2777,263016,20768,7664,7664,0,28432
2778,263017,4034,2715,2715,0,6749
2779,263018,1021,1538,1538,0,2559
2780,263019,12056,12870,12870,0,24926
2781,263020,18908,23979,23979,0,42887
2782,263021,133113,15575,15575,0,148688
2783,263022,17231,5866,5866,0,23097
2784,263023,16159,96961,96961,0,113120
2785,263024,34920,41910,41910,0,76830
2786,263025,116834,31717,31717,0,148551
2787,263026,22087,5159,5159,0,27246
2788,263027,25002,1987,1987,0,26989
2789,263028,45004,6269,6269,0,51273
2790,263029,25014,2467,2467,0,27481
2791,263030,164456,21937,21937,0,186393
2792,263031,67010,12671,12671,0,79681
2793,263032,17060,3198,3198,0,20258
2794,263033,10985,4732,4732,0,15717
2795,263034,51859,19854,19854,0,71713
2796,263035,54535,7523,7523,0,62058
2797,263036,5124,1244,1244,0,6368
2798,263037,91942,19915,19915,0,111857
2799,263038,3219,2105,2105,0,5324
2800,263039,16361,1416,1416,0,17777
2801,263040,21140,1967,1967,0,23107
2802,264001,58794,3261,3261,0,62055
2803,264002,250436,15306,15306,0,265742
2804,264003,187589,8426,8426,0,196015
2805,264004,55823,3384,3384,0,59207
2806,264005,10644,352,352,0,10996
2807,264006,12064,0,0,0,12064
2808,264007,149180,18645,18645,0,167825
2809,264008,8395,211,211,0,8606
2810,264009,78949,5762,5762,0,84711
2811,264010,7984,0,0,0,7984
2812,265001,1469721,257844,257844,0,1727565
2813,265002,5370,537,537,0,5907
2814,265003,4301,283,283,0,4584
2815,265004,9137,332,332,0,9469
2816,265005,23106,2846,2846,0,25952
2817,265006,98839,31767,31767,0,130606
2818,265007,119571,29436,29436,0,149007
2819,265008,158487,78607,78607,0,237094
2820,265009,627498,160535,160535,0,788033
2821,265010,132866,43785,43785,0,176651
2822,265011,10369,401,401,0,10770
2823,265012,42229,27959,27959,0,70188
2824,265013,308,5141,5141,0,5449
2825,265014,1003894,218988,218988,0,1222882
2826,265015,43663,10776,10776,0,54439
2827,265016,47904,21169,21169,0,69073
2828,265017,9346,8923,8923,0,18269
2829,265018,80502,31375,31375,0,111877
2830,265019,387836,64573,64573,0,452409
2831,265020,5982,17627,17627,0,23609
2832,265021,459,450,450,0,909
2833,265022,417944,84558,84558,0,502502
2834,266001,130143,11281,11281,0,141424
2835,266002,71126,1305,1305,0,72431
2836,266003,78695,10507,10507,0,89202
2837,266004,219086,11211,11211,0,230297
2838,266005,55859,3788,3788,0,59647
2839,266006,70688,5958,5958,0,76646
2840,267001,556722,74215,74215,0,630937
2841,267002,61919,17419,17419,0,79338
2842,267003,145273,20953,20953,0,166226
2843,267004,617518,171412,171412,0,788930
2844,267005,239828,63587,63587,0,303415
2845,267006,11228,2197,2197,0,13425
2846,267007,60671,10889,10889,0,71560
2847,267008,9736,6313,6313,0,16049
2848,267009,6404,5535,5535,0,11939
2849,267010,35834,13344,13344,0,49178
2850,267011,67886,17218,17218,0,85104
2851,267012,67603,24247,24247,0,91850
2852,267013,73911,15438,15438,0,89349
2853,267014,50243,8148,8148,0,58391
2854,268001,231622,39267,39267,0,270889
2855,268002,17963,4764,4764,0,22727
2856,268003,22949,3906,3906,0,26855
2857,268004,80493,6612,6612,0,87105
2858,268005,74429,8618,8618,0,83047
2859,268006,50121,14359,14359,0,64480
2860,268007,20517,228,228,0,20745
2861,269001,239718,67034,67034,0,306752
2862,269002,833354,194263,194263,0,1027617
2863,269003,25117,7222,7222,0,32339
2864,269004,451761,69193,69193,0,520954
2865,269005,15413,6427,6427,0,21840
2866,269006,7165,4133,4133,0,11298
2867,269007,159800,41498,41498,0,201298
2868,269008,42594,1675,1675,0,44269
2869,269009,23479,3702,3702,0,27181
2870,269010,177,1102,1102,0,1279
2871,270001,226617,31019,31019,0,257636
2872,270002,73933,32357,32357,0,106290
2873,270003,193615,28593,28593,0,222208
2874,270004,55147,12849,12849,0,67996
2875,270005,64745,6365,6365,0,71110
2876,270006,157236,21575,21575,0,178811
2877,270007,1129,4708,4708,0,5837
2878,270008,31764,2870,2870,0,34634
2879,270009,527227,72503,72503,0,599730
2880,270010,53599,4231,4231,0,57830
2881,270011,136186,22236,22236,0,158422
2882,270012,13417,1563,1563,0,14980
2883,270013,31446,6807,6807,0,38253
2884,270014,99436,14632,14632,0,114068
2885,270015,14421,2613,2613,0,17034
2886,270016,39713,8576,8576,0,48289
2887,270017,207469,16307,16307,0,223776
2888,271001,42356,16857,16857,0,59213
2889,271002,370039,67630,67630,0,437669
2890,271003,94095,10694,10694,0,104789
2891,271004,53852,23710,23710,0,77562
2892,271005,128693,55706,55706,0,184399
2893,271006,528,4507,4507,0,5035
2894,271007,40179,29665,29665,0,69844
2895,271008,6623,5292,5292,0,11915
2896,271009,245405,58316,58316,0,303721
2897,271010,2786,0,0,0,2786
2898,271011,5641,723,723,0,6364
2899,272001,196407,17425,17425,0,213832
2900,272002,77325,28405,28405,0,105730
2901,272003,21536,9507,9507,0,31043
2902,272004,283621,29979,29979,0,313600
2903,272005,238175,24459,24459,0,262634
2904,272006,72401,6994,6994,0,79395
2905,272007,375141,37215,37215,0,412356
2906,272008,268169,16212,16212,0,284381
2907,272009,139974,6686,6686,0,146660
2908,272010,36190,414,414,0,36604
2909,273001,49923,852,852,0,50775
2910,273002,66347,5896,5896,0,72243
2911,273003,107484,9197,9197,0,116681
2912,273004,2102911,342297,342297,0,2445208
2913,273005,133824,21877,21877,0,155701
2914,273006,70071,3738,3738,0,73809
2915,273007,2384,1540,1540,0,3924
2916,273008,1057,994,994,0,2051
2917,273009,33290,10893,10893,0,44183
2918,274001,296262,86460,86460,0,382722
2919,274002,337177,97196,97196,0,434373
2920,274003,231147,57673,57673,0,288820
2921,274004,54993,6991,6991,0,61984
2922,274005,261233,25825,25825,0,287058
2923,274006,8320,611,611,0,8931
2924,274007,4798,1297,1297,0,6095
2925,275001,31741,7694,7694,0,39435
2926,275002,19413,844,844,0,20257
2927,275003,52957,7035,7035,0,59992
2928,275004,268958,110598,110598,0,379556
2929,275005,11541,8151,8151,0,19692
2930,275006,24863,6242,6242,0,31105
2931,275007,4111,113782,113782,0,117893
2932,275008,71502,16489,16489,0,87991
2933,275009,30279,8277,8277,0,38556
2934,275010,21984,3331,3331,0,25315
2935,276001,549612,79662,79662,0,629274
2936,276002,121292,29858,29858,0,151150
2937,276003,163182,19970,19970,0,183152
2938,276004,39066,5060,5060,0,44126
2939,276005,148639,18148,18148,0,166787
2940,276006,35010,9132,9132,0,44142
2941,276007,12037,2364,2364,0,14401
2942,276008,6633,1093,1093,0,7726
2943,276009,13561,2350,2350,0,15911
2944,276010,342667,39214,39214,0,381881
2945,276011,7209,1550,1550,0,8759
2946,276012,81709,13893,13893,0,95602
2947,276013,14632,625,625,0,15257
2948,276014,79376,14143,14143,0,93519
2949,276015,360499,69650,69650,0,430149
2950,276016,10676,22514,22514,0,33190
2951,276017,40108,2495,2495,0,42603
2952,276018,12110,1500,1500,0,13610
2953,276019,31930,4518,4518,0,36448
2954,276020,110772,28818,28818,0,139590
2955,276021,11333,6090,6090,0,17423
2956,276022,78126,29756,29756,0,107882
2957,276023,61072,23459,23459,0,84531
2958,276024,9652,1795,1795,0,11447
2959,276025,20928,5324,5324,0,26252
2960,276026,61576,8246,8246,0,69822
2961,276027,28910,15210,15210,0,44120
2962,276028,39248,9222,9222,0,48470
2963,276029,6786,756,756,0,7542
2964,276030,45179,3817,3817,0,48996
2965,276031,40784,7001,7001,0,47785
2966,276032,193520,34316,34316,0,227836
2967,276033,21133,5068,5068,0,26201
2968,276034,99179,19101,19101,0,118280
2969,276035,51877,4938,4938,0,56815
2970,276036,78856,14255,14255,0,93111
2971,276037,16898,2972,2972,0,19870
2972,276038,9495,1010,1010,0,10505
2973,276039,107254,21241,21241,0,128495
2974,276040,121895,40867,40867,0,162762
2975,276041,3119,347,347,0,3466
2976,276042,22778,5668,5668,0,28446
2977,276043,7632,1882,1882,0,9514
2978,276044,42932,14875,14875,0,57807
2979,276045,84065,10326,10326,0,94391
2980,276046,5000,2469,2469,0,7469
2981,276047,4415,1794,1794,0,6209
2982,276048,4477,1763,1763,0,6240
2983,276049,35017,4638,4638,0,39655
2984,276050,10348,712,712,0,11060
2985,276051,37664,3096,3096,0,40760
2986,276052,18762,10796,10796,0,29558
2987,276053,6427,1360,1360,0,7787
2988,277001,467776,61453,61453,0,529229
2989,277002,19972,1571,1571,0,21543
2990,277003,44681,8508,8508,0,53189
2991,278001,56922,39652,39652,0,96574
2992,278002,8082,7727,7727,0,15809
2993,278003,8605,10630,10630,0,19235
2994,278004,35506,4154,4154,0,39660
2995,278005,17767,5077,5077,0,22844
2996,278006,33958,7932,7932,0,41890
2997,278007,111645,31301,31301,0,142946
2998,278008,10018,5206,5206,0,15224
2999,278009,4970,1492,1492,0,6462
3000,278010,8163,4437,4437,0,12600
3001,278011,32535,5766,5766,0,38301
3002,278012,39151,6888,6888,0,46039
3003,278013,37518,6192,6192,0,43710
3004,278014,43601,10828,10828,0,54429
3005,278015,37332,4639,4639,0,41971
3006,278016,38768,5399,5399,0,44167
3007,278017,23976,5297,5297,0,29273
3008,279001,62384,19550,19550,0,81934
3009,279002,9559,1600,1600,0,11159
3010,279003,1299513,282155,282155,0,1581668
3011,279004,369068,59177,59177,0,428245
3012,279005,15470,550,550,0,16020
3013,279006,54219,8561,8561,0,62780
3014,279007,42392,3852,3852,0,46244
3015,279008,1715,779,779,0,2494
3016,279009,34640,2631,2631,0,37271
3017,279010,674211,114009,114009,0,788220
3018,279011,25515,2555,2555,0,28070
3019,279012,23114,2782,2782,0,25896
3020,279013,9165,1413,1413,0,10578
3021,279014,1876,1467,1467,0,3343
3022,280001,757178,76315,76315,0,833493
3023,280002,107378,15262,15262,0,122640
3024,280003,294663,43579,43579,0,338242
3025,280004,23530,1087,1087,0,24617
3026,280005,101743,18636,18636,0,120379
3027,281001,11104,77,77,0,11181
3028,281002,216059,5022,5022,0,221081
3029,281003,55128,792,792,0,55920
3030,281004,405104,47358,47358,0,452462
3031,281005,562407,51624,51624,0,614031
3032,281006,63150,151,151,0,63301
3033,281007,823299,66932,66932,0,890231
3034,281008,186134,9931,9931,0,196065
3035,282001,248861,33679,33679,0,282540
3036,282002,167967,16779,16779,0,184746
3037,282003,4411,413,413,0,4824
3038,282004,156004,15026,15026,0,171030
3039,282005,5954,1255,1255,0,7209
3040,282006,30244,3789,3789,0,34033
3041,283001,97281,14681,14681,0,111962
3042,283002,158320,43959,43959,0,202279
3043,283003,140678,31189,31189,0,171867
3044,283004,151718,29575,29575,0,181293
3045,283005,82003,16586,16586,0,98589
3046,283006,78344,8936,8936,0,87280
3047,283007,7467,1738,1738,0,9205
3048,283008,6304,1269,1269,0,7573
3049,283009,112256,59877,59877,0,172133
3050,284001,628491,75592,75592,0,704083
3051,284002,27280,4107,4107,0,31387
3052,284003,604374,32424,32424,0,636798
3053,284004,193775,3953,3953,0,197728
3054,284005,101494,10823,10823,0,112317
3055,284006,461184,51509,51509,0,512693
3056,284007,309695,39582,39582,0,349277
3057,284008,8886,28799,666,28133,37685
3058,284009,576199,62948,62948,0,639147
3059,284010,22043,72113,215,71898,94156
3060,284011,26277,1466,1466,0,27743
3061,284012,60579,2792,2792,0,63371
3062,284013,34958,113130,1354,111776,148088
3063,284014,405639,42615,42615,0,448254
3064,284015,41731,2322,2322,0,44053
3065,284016,151748,9069,9069,0,160817
3066,284017,18311,139324,0,139324,157635
3067,284018,23219,7401,7401,0,30620
3068,284019,95073,8531,8531,0,103604
3069,284020,15138,6934,434,6500,22072
3070,284021,221814,35782,35782,0,257596
3071,284022,153070,32036,31544,492,185106
3072,284023,60833,86018,5822,80196,146851
3073,284024,79709,27023,27023,0,106732
3074,284025,229176,41914,41914,0,271090
3075,284026,43097,13774,13774,0,56871
3076,284027,101986,17160,17160,0,119146
3077,284028,17846,1863,1863,0,19709
3078,284029,245041,10411,8731,1680,255452
3079,284030,6350,38203,109,38094,44553
3080,284031,232157,28590,28590,0,260747
3081,284032,7508,0,0,0,7508
3082,284033,8184,33402,1068,32334,41586
3083,285001,32969,1922,1922,0,34891
3084,285002,350399,33269,33269,0,383668
3085,285003,52662,26701,26701,0,79363
3086,285004,54732,5207,5207,0,59939
3087,285005,31537,759,759,0,32296
3088,285006,62220,9172,9172,0,71392
3089,285007,32203,8678,8678,0,40881
3090,285008,8137,4195,4195,0,12332
3091,285009,80441,33350,33350,0,113791
3092,285010,95386,34638,34638,0,130024
3093,285011,16427,12960,12960,0,29387
3094,285012,85837,14191,14191,0,100028
3095,285013,12383,1621,1621,0,14004
3096,285014,16918,5457,5457,0,22375
3097,285015,1065,44102,44102,0,45167
3098,285016,67489,41197,41197,0,108686
3099,285017,9814,24697,24697,0,34511
3100,285018,38866,7055,7055,0,45921
3101,285019,10846,8107,8107,0,18953
3102,285020,49630,125878,125878,0,175508
3103,285021,14580,8444,8444,0,23024
3104,285022,27222,6979,6979,0,34201
3105,285023,76407,46113,46113,0,122520
3106,285024,48149,27784,27784,0,75933
3107,285025,8689,4069,4069,0,12758
3108,285026,12994,660,660,0,13654
3109,285027,96613,5566,5566,0,102179
3110,285028,1690,10021,10021,0,11711
3111,285029,62951,1358,1358,0,64309
3112,285030,46856,28676,28676,0,75532
3113,285031,11791,456,456,0,12247
3114,285032,11300,7358,7358,0,18658
3115,285033,21359,17777,17777,0,39136
3116,286001,33420,33647,429,33218,67067
3117,286002,17197,10847,10847,0,28044
3118,286003,7642,33459,271,33188,41101
3119,286004,12059,20385,20385,0,32444
3120,286005,173934,37759,37759,0,211693
3121,286006,17444,4192,3237,955,21636
3122,286007,11395,11677,11677,0,23072
3123,286008,8707,15588,1942,13646,24295
3124,286009,64235,2408,2408,0,66643
3125,286010,25219,4904,716,4188,30123
3126,286011,37701,12665,12665,0,50366
3127,286012,100514,54552,4140,50412,155066
3128,286013,81468,15674,15674,0,97142
3129,286014,26671,1818,1818,0,28489
3130,286015,14011,3052,3052,0,17063
3131,286016,208255,238795,6146,232649,447050
3132,286017,30388,151,151,0,30539
3133,286018,61799,3556,3556,0,65355
3134,286019,35119,3154,3154,0,38273
3135,286020,30077,2204,2204,0,32281
3136,286021,214805,5719,5719,0,220524
3137,286022,15896,7782,7782,0,23678
3138,286023,35046,1374,1374,0,36420
3139,286024,44392,6439,6439,0,50831
3140,286025,9279,218,218,0,9497
3141,286026,31794,1291,1291,0,33085
3142,286027,60480,4495,4495,0,64975
3143,286028,54531,7473,7473,0,62004
3144,286029,26708,1156,1156,0,27864
3145,286030,11675,364,364,0,12039
3146,286031,10685,0,0,0,10685
3147,287001,155660,9239,9239,0,164899
3148,287002,69032,9713,9713,0,78745
3149,287003,577979,68378,68378,0,646357
3150,287004,1206292,142088,142088,0,1348380
3151,287005,92607,22851,22851,0,115458
3152,287006,15351,2242,2242,0,17593
3153,287007,106531,14370,14370,0,120901
3154,287008,104625,10146,10146,0,114771
3155,287009,135484,23508,23508,0,158992
3156,288001,2145573,171561,171561,0,2317134
3157,289001,2545175,422389,422389,0,2967564
3158,289002,1048007,233292,233292,0,1281299
3159,289003,238401,73390,73390,0,311791
3160,289004,5747,8337,8337,0,14084
3161,289005,127597,17937,17937,0,145534
3162,289006,359446,44838,44838,0,404284
3163,289007,34717,3981,3981,0,38698
3164,289008,266772,43535,43535,0,310307
3165,289009,82092,485,485,0,82577
3166,289010,64803,15309,15309,0,80112
3167,289011,13000,3609,0,3609,16609
3168,289012,68368,482,482,0,68850
3169,290001,43188,118637,15775,102862,161825
3170,290002,67715,51087,51087,0,118802
3171,290003,25253,92837,896,91941,118090
3172,290004,4125,52269,0,52269,56394
3173,290005,5438,104761,0,104761,110199
3174,291001,1238609,74104,74104,0,1312713
3175,291002,54501,1522,1522,0,56023
3176,291003,302428,32862,32862,0,335290
3177,291004,314223,112773,112773,0,426996
3178,291005,250060,20678,20678,0,270738
3179,291006,49199,13589,13589,0,62788
3180,291007,53449,2755,2755,0,56204
3181,291008,72967,3445,3445,0,76412
3182,291009,1212,1314,1314,0,2526
3183,291010,23562,6877,6877,0,30439
3184,291011,5825,5742,5742,0,11567
3185,291012,187296,17894,17894,0,205190
3186,291013,20031,12169,12169,0,32200
3187,291014,13033,6250,6250,0,19283
3188,292001,742700,33822,33822,0,776522
3189,292002,455218,42126,42126,0,497344
3190,292003,188661,13938,13938,0,202599
3191,293001,290914,17140,17140,0,308054
3192,293002,784047,69098,69098,0,853145
3193,293003,101479,5127,5127,0,106606
3194,293004,346815,21771,21771,0,368586
3195,293005,114029,4698,4698,0,118727
3196,293006,9084,1501,1501,0,10585
3197,293007,41037,397,397,0,41434
3198,293008,52575,744,744,0,53319
3199,293009,293832,13759,13759,0,307591
3200,293010,53642,6739,6739,0,60381
3201,293011,13674,1166,1166,0,14840
3202,293012,1089257,127853,127853,0,1217110
3203,293013,3749,1462,1462,0,5211
3204,293014,25402,3198,3198,0,28600
3205,293015,176022,8898,8898,0,184920
3206,294001,1112410,344852,344852,0,1457262
3207,294002,236078,40650,40650,0,276728
3208,294003,7017,7089,7089,0,14106
3209,294004,15595,8604,8604,0,24199
3210,294005,10202,3977,3977,0,14179
3211,294006,143501,37682,37682,0,181183
3212,294007,451839,76030,76030,0,527869
3213,294008,164526,29618,29618,0,194144
3214,294009,15445,2949,2949,0,18394
3215,294010,304276,59871,59871,0,364147
3216,294011,891969,157934,157934,0,1049903
3217,294012,133309,18466,18466,0,151775
3218,294013,14824,6152,6152,0,20976
3219,294014,19658,16626,16626,0,36284
3220,294015,210739,76343,76343,0,287082
3221,294016,76747,2692,2692,0,79439
3222,294017,150221,19408,19408,0,169629
3223,294018,307279,34650,34650,0,341929
3224,294019,204225,29262,29262,0,233487
3225,294020,72891,7657,7657,0,80548
3226,294021,13569,2341,2341,0,15910
3227,294022,169889,7939,7939,0,177828
3228,295001,351210,61548,61548,0,412758
3229,295002,25199,31538,31538,0,56737
3230,295003,56893,8267,8267,0,65160
3231,295004,42411,21112,21112,0,63523
3232,295005,410057,84874,84874,0,494931
3233,295006,94405,10968,10968,0,105373
3234,295007,77993,9290,9290,0,87283
3235,295008,873407,134907,134907,0,1008314
3236,295009,142943,27937,27937,0,170880
3237,295010,27517,6538,6538,0,34055
3238,295011,21691,1447,1447,0,23138
3239,296001,280481,75433,75433,0,355914
3240,296002,12620,51636,51636,0,64256
3241,296003,46576,76396,76396,0,122972
3242,296004,23746,34167,34167,0,57913
3243,296005,52915,34852,34852,0,87767
3244,296006,229977,31737,31737,0,261714
3245,296007,69528,4677,4677,0,74205
3246,296008,52733,41638,41638,0,94371
3247,296009,193549,32268,32268,0,225817
3248,296010,213999,84351,84351,0,298350
3249,296011,308198,106779,106779,0,414977
3250,296012,23894,9601,9601,0,33495
3251,296013,9103,3555,3555,0,12658
3252,296014,35892,3768,3768,0,39660
3253,296015,11031,588,588,0,11619
3254,296016,151885,20605,20605,0,172490
3255,297001,144192,527195,8586,518609,671387
3256,297002,79586,452252,2131,450121,531838
3257,297003,66852,76946,2856,74090,143798
3258,297004,66543,48784,9625,39159,115327
3259,297005,51617,2495,1384,1111,54112
3260,298001,138419,35786,11944,23842,174205
3261,298002,31177,27545,12,27533,58722
3262,299001,403205,55367,55367,0,458572
3263,299002,233511,19498,19498,0,253009
3264,299003,421706,54489,54489,0,476195
3265,299004,2037543,232987,232987,0,2270530
3266,299005,68245,6877,5657,1220,75122
3267,299006,55010,8068,8068,0,63078
3268,299007,450179,55637,55637,0,505816
3269,300001,41591,3448,3448,0,45039
3270,300002,637007,79411,79411,0,716418
3271,300003,266851,13989,13989,0,280840
3272,300004,178711,32599,32599,0,211310
3273,300005,56863,11011,11011,0,67874
3274,300006,365056,74933,74933,0,439989
3275,300007,33880,6680,6680,0,40560
3276,300008,217399,27613,27613,0,245012
3277,300009,48497,593,593,0,49090
3278,300010,66886,3769,3769,0,70655
3279,300011,145038,16865,16865,0,161903
3280,300012,13225,1131,1131,0,14356
3281,300013,45881,2866,2866,0,48747
3282,301001,171711,19916,19916,0,191627
3283,301002,291466,35730,35730,0,327196
3284,301003,314526,50857,50857,0,365383
3285,301004,199000,38374,38374,0,237374
3286,301005,8541,2479,2479,0,11020
3287,301006,159753,20477,20477,0,180230
3288,301007,37360,6626,6626,0,43986
3289,301008,17017,2010,2010,0,19027
3290,301009,319719,23232,23232,0,342951
3291,301010,19934,2030,2030,0,21964
3292,301011,158499,32532,32532,0,191031
3293,302001,100806,94314,1646,92668,195120
3294,302002,58897,67362,6492,60870,126259
3295,302003,45793,40532,2125,38407,86325
3296,302004,217786,120846,17422,103424,338632
3297,303001,228011,18406,17733,673,246417
3298,303002,431923,45794,43723,2071,477717
3299,303003,51680,5048,3960,1088,56728
3300,304001,454544,24391,24391,0,478935
3301,304002,260312,11623,11623,0,271935
3302,304003,103847,7972,7972,0,111819
3303,304004,220442,11960,11960,0,232402
3304,305001,45651,486,486,0,46137
3305,305002,102550,4015,4015,0,106565
3306,305003,132935,19617,15319,4298,152552
3307,305004,57311,15313,5266,10047,72624
3308,305005,83597,1849,1849,0,85446
3309,305006,139876,6901,6901,0,146777
3310,305007,136198,2736,2736,0,138934
3311,305008,29300,2101,2101,0,31401
3312,305009,74307,14049,11487,2562,88356
3313,305010,20304,985,985,0,21289
3314,305011,27493,1387,1387,0,28880
3315,305012,27610,219,219,0,27829
3316,306001,407043,30039,30039,0,437082
3317,306002,189684,5294,5294,0,194978
3318,306003,302698,26971,26971,0,329669
3319,306004,93357,6799,6799,0,100156
3320,306005,114351,25148,25148,0,139499
3321,307001,43090,9349,1216,8133,52439
3322,307002,40756,419,419,0,41175
3323,307003,148104,18366,6483,11883,166470
3324,307004,49478,532,532,0,50010
3325,307005,34314,1432,1432,0,35746
3326,307006,7911,0,0,0,7911
3327,307007,72811,2312,2312,0,75123
3328,307008,9478,0,0,0,9478
3329,308001,123500,11917,11917,0,135417
3330,308002,277517,16062,16062,0,293579
3331,308003,17506,14633,14633,0,32139
3332,308004,63157,16681,16681,0,79838
3333,308005,16144,1948,1948,0,18092
3334,308006,103974,21330,21330,0,125304
3335,308007,252898,47454,47454,0,300352
3336,308008,86266,10481,10481,0,96747
3337,308009,225416,43693,43693,0,269109
3338,308010,64229,1632,1632,0,65861
3339,308011,92063,8584,8584,0,100647
3340,308012,215122,42659,42659,0,257781
3341,308013,200830,37727,37727,0,238557
3342,308014,49423,8443,8443,0,57866
3343,308015,85846,19241,19241,0,105087
3344,308016,42808,1702,1702,0,44510
3345,308017,194093,23811,23811,0,217904
3346,308018,24488,2479,2479,0,26967
3347,308019,175770,17513,17513,0,193283
3348,308020,24193,1919,1919,0,26112
3349,308021,12059,0,0,0,12059
3350,308022,31585,2216,2216,0,33801
3351,308023,60654,10302,10302,0,70956
3352,308024,43993,8610,8610,0,52603
3353,309001,153246,23965,12780,11185,177211
3354,309002,252841,21977,15912,6065,274818
3355,309003,25394,1615,859,756,27009
3356,309004,16131,620,620,0,16751
3357,309005,6294,516,516,0,6810
3358,309006,9483,623,623,0,10106
3359,309007,5974,0,0,0,5974
3360,309008,8080,408,408,0,8488
3361,309009,24663,659,659,0,25322
3362,309010,165288,6548,6548,0,171836
3363,309011,44902,4033,4033,0,48935
3364,309012,6591,1,1,0,6592
3365,309013,51303,10134,6698,3436,61437
3366,309014,25833,3502,1846,1656,29335
3367,310001,537899,19281,19281,0,557180
3368,311001,184054,16231,16231,0,200285
3369,311002,489261,20580,19274,1306,509841
3370,311003,94645,5852,5852,0,100497
3371,311004,47427,183,183,0,47610
3372,311005,26034,197,197,0,26231
3373,312001,97052,105269,105269,0,202321
3374,312002,44958,24462,24462,0,69420
3375,312003,46822,13012,13012,0,59834
3376,312004,296877,180758,180758,0,477635
3377,312005,73091,83619,83619,0,156710
3378,312006,53808,30617,30617,0,84425
3379,312007,86259,9438,9438,0,95697
3380,312008,14428,5445,5445,0,19873
3381,312009,46530,5187,5187,0,51717
3382,312010,3431,2851,2851,0,6282
3383,312011,53415,6433,6433,0,59848
3384,312012,154308,91730,91730,0,246038
3385,312013,41883,22165,22165,0,64048
3386,312014,17130,8873,8873,0,26003
3387,312015,145146,126292,126292,0,271438
3388,312016,27792,18920,18920,0,46712
3389,312017,495326,112009,112009,0,607335
3390,312018,151064,30060,30060,0,181124
3391,312019,34656,10841,10841,0,45497
3392,312020,333839,95436,95436,0,429275
3393,312021,39650,4538,4538,0,44188
3394,312022,295495,26669,26669,0,322164
3395,312023,89073,12437,12437,0,101510
3396,312024,107494,8774,8774,0,116268
3397,312025,68881,33350,33350,0,102231
3398,312026,42685,16918,16918,0,59603
3399,312027,4620,488,488,0,5108
3400,313001,138086,6799,6799,0,144885
3401,313002,86073,16598,5826,10772,102671
3402,313003,108598,11392,7984,3408,119990
3403,313004,40862,6274,6274,0,47136
3404,313005,62700,15446,15446,0,78146
3405,314001,46017,6589,6589,0,52606
3406,314002,84793,15186,15186,0,99979
3407,314003,185835,14392,14392,0,200227
3408,314004,210692,18350,18350,0,229042
3409,314005,76120,14536,14536,0,90656
3410,315001,261969,15325,15325,0,277294
3411,315002,186962,22807,22807,0,209769
3412,315003,57094,17423,17423,0,74517
3413,315004,229159,12897,12897,0,242056
3414,315005,112051,10480,10480,0,122531
3415,315006,88572,2313,2313,0,90885
3416,316001,1109385,184491,184491,0,1293876
3417,316002,81073,3154,3154,0,84227
3418,316003,178182,10083,10083,0,188265
3419,317001,12376,48660,0,48660,61036
3420,317002,144225,256927,2660,254267,401152
3421,317003,202749,275043,4019,271024,477792
3422,317004,31563,705,529,176,32268
3423,317005,117039,343375,3957,339418,460414
3424,317006,312101,774874,11894,762980,1086975
3425,317007,26912,11232,0,11232,38144
3426,317008,84540,429267,2472,426795,513807
3427,317009,40667,2859,1867,992,43526
3428,317010,12136,440,126,314,12576
3429,317011,10037,2510,132,2378,12547
3430,317012,50052,231698,1237,230461,281750
3431,317013,56757,15557,529,15028,72314
3432,318001,23124,662,662,0,23786
3433,318002,16886,94,94,0,16980
3434,319001,211744,852483,7929,844554,1064227
3435,319002,15082,20412,78,20334,35494
3436,319003,3649,5700,0,5700,9349
3437,320001,418420,29426,29426,0,447846
3438,320002,171469,16122,16122,0,187591
3439,321001,282736,12431,12431,0,295167
3440,322001,629241,45469,45469,0,674710
3441,322002,237365,4884,4884,0,242249
3442,323001,257073,23735,23735,0,280808
3443,323002,131863,17058,17058,0,148921
3444,324001,244681,19201,19201,0,263882
3445,325001,304141,12097,12097,0,316238
3446,326001,488962,30838,30838,0,519800
3447,327001,320821,49827,49827,0,370648
3448,327002,263496,10824,10824,0,274320
3449,327003,110435,6893,6893,0,117328
3450,327004,115703,9395,9395,0,125098
3451,327005,395283,17381,17381,0,412664
3452,327006,380934,21620,21620,0,402554
3453,327007,341861,57150,57150,0,399011
3454,328001,166934,3617,3617,0,170551
3455,328002,41556,807,807,0,42363
3456,328003,705975,12723,12723,0,718698
3457,328004,257796,13771,13771,0,271567
3458,328005,808214,49375,49375,0,857589
3459,328006,87426,718,718,0,88144
3460,329001,338800,11596,11596,0,350396
3461,329002,105926,951,951,0,106877
3462,329003,29920,655,655,0,30575
3463,331001,14247,201613,201613,0,215860
3464,331002,24350,16884,16884,0,41234
3465,331003,5297,35213,35213,0,40510
3466,331004,9046,30601,30601,0,39647
3467,331005,50303,92837,92837,0,143140
3468,331006,60371,11336,11336,0,71707
3469,331007,9126,11000,11000,0,20126
3470,331008,40362,11445,11445,0,51807
3471,331009,20580,94,94,0,20674
3472,331010,17140,0,0,0,17140
3473,331011,24906,4282,4282,0,29188
3474,331012,10786,30,30,0,10816
3475,331013,37166,1831,1831,0,38997
3476,331014,18228,767,767,0,18995
3477,331015,12088,28,28,0,12116
3478,331016,37757,959,959,0,38716
3479,331017,21595,3435,3435,0,25030
3480,331018,22784,562,562,0,23346
3481,331019,24624,898,898,0,25522
3482,331020,12946,529,529,0,13475
3483,331021,57462,2717,2717,0,60179
3484,332001,33251,11868,11868,0,45119
3485,332002,47690,7607,7607,0,55297
3486,332003,27474,6351,6351,0,33825
3487,332004,4101,7498,7498,0,11599
3488,332005,8670,26,26,0,8696
3489,332006,33650,5104,5104,0,38754
3490,332007,8365,3655,3655,0,12020
3491,333001,35483,2579,2579,0,38062
3492,333002,26271,624,624,0,26895
3493,333003,66527,11813,11813,0,78340
3494,333004,28752,7856,7856,0,36608
3495,333005,122914,6613,6613,0,129527
3496,333006,55159,2225,2225,0,57384
3497,333007,27915,1450,1450,0,29365
3498,333008,24992,5038,5038,0,30030
3499,333009,70739,5178,5178,0,75917
3500,333010,26713,941,941,0,27654
3501,333011,40042,801,801,0,40843
3502,334001,7138,9373,9373,0,16511
3503,334002,20431,1971,1971,0,22402
3504,334003,42479,5898,5898,0,48377
3505,334004,16590,4941,4941,0,21531
3506,334005,10805,1718,1718,0,12523
3507,334006,13025,2212,2212,0,15237
3508,334007,53349,4522,4522,0,57871
3509,334008,9320,2,2,0,9322
3510,334009,77714,3558,3558,0,81272
3511,334010,21509,2145,2145,0,23654
3512,334011,29226,1918,1918,0,31144
3513,334012,30404,349,349,0,30753
3514,335001,230671,23361,23361,0,254032
3515,335002,45234,4491,4491,0,49725
3516,335003,26488,1866,1866,0,28354
3517,335004,76405,10656,10656,0,87061
3518,335005,30902,2846,2846,0,33748
3519,335006,21893,2525,2525,0,24418
3520,335007,171397,24655,24655,0,196052
3521,335008,34418,5816,5816,0,40234
3522,335009,27229,4845,4845,0,32074
3523,335010,60441,3343,3343,0,63784
3524,335011,18129,79,79,0,18208
3525,336001,57643,4473,4473,0,62116
3526,336002,7526,106,106,0,7632
3527,336003,33460,989,989,0,34449
3528,336004,49883,6279,6279,0,56162
3529,336005,50574,2048,2048,0,52622
3530,336006,43236,6117,6117,0,49353
3531,336007,13580,516,516,0,14096
3532,336008,131414,8958,8958,0,140372
3533,336009,32329,1500,1500,0,33829
3534,336010,9415,226,226,0,9641
3535,336011,32416,327,327,0,32743
3536,336012,16875,947,947,0,17822
3537,337001,222325,14137,14137,0,236462
3538,337002,135055,7246,7246,0,142301
3539,337003,52483,5543,5543,0,58026
3540,338001,58923,5751,5751,0,64674
3541,338002,47816,5877,5877,0,53693
3542,338003,97552,7161,7161,0,104713
3543,338004,297977,19296,19296,0,317273
3544,338005,81732,1509,1509,0,83241
3545,338006,44993,3463,3463,0,48456
3546,338007,23224,885,885,0,24109
3547,338008,206165,9423,9423,0,215588
3548,338009,12929,370,370,0,13299
3549,338010,18845,167,167,0,19012
3550,338011,17622,407,407,0,18029
3551,339001,58401,12494,12494,0,70895
3552,339002,180485,39604,39604,0,220089
3553,339003,11979,4263,4263,0,16242
3554,339004,101826,13460,13460,0,115286
3555,339005,9940,1107,1107,0,11047
3556,339006,3021,858,858,0,3879
3557,339007,2698,734,734,0,3432
3558,339008,13497,15631,15631,0,29128
3559,339009,63832,5162,5162,0,68994
3560,339010,19375,2028,2028,0,21403
3561,339011,183372,21616,21616,0,204988
3562,339012,24743,4732,4732,0,29475
3563,339013,25806,6744,6744,0,32550
3564,339014,229308,71946,71946,0,301254
3565,339015,54409,6312,6312,0,60721
3566,339016,17194,1580,1580,0,18774
3567,339017,23971,1228,1228,0,25199
3568,340001,115905,6007,6007,0,121912
3569,340002,93380,8454,8454,0,101834
3570,340003,49276,2688,2688,0,51964
3571,340004,162786,19069,19069,0,181855
3572,340005,62695,973,973,0,63668
3573,340006,6448,489,489,0,6937
3574,340007,48433,4586,4586,0,53019
3575,341001,63761,7809,7809,0,71570
3576,341002,57835,8791,8791,0,66626
3577,341003,110835,10804,10804,0,121639
3578,341004,15174,833,833,0,16007
3579,341005,63371,7270,7270,0,70641
3580,341006,116678,9401,9401,0,126079
3581,341007,6654,0,0,0,6654
3582,341008,20235,2887,2887,0,23122
3583,341009,18340,8277,8277,0,26617
3584,341010,14731,2096,2096,0,16827
3585,341011,13412,18734,18734,0,32146
3586,341012,3718,3325,3325,0,7043
3587,341013,5849,6776,6776,0,12625
3588,341014,3617,2739,2739,0,6356
3589,341015,3177,7612,7612,0,10789
3590,341016,14695,5275,5275,0,19970
3591,342001,19111,785,785,0,19896
3592,342002,295691,15344,15344,0,311035
3593,342003,13665,1216,1216,0,14881
3594,342004,29330,618,618,0,29948
3595,342005,10236,1071,1071,0,11307
3596,342006,4479,646,646,0,5125
3597,343001,24112,98512,98512,0,122624
3598,343002,5579,1476,1476,0,7055
3599,343003,51438,10796,10796,0,62234
3600,343004,1746,1143,1143,0,2889
3601,343005,75108,10968,10968,0,86076
3602,343006,6134,4578,4578,0,10712
3603,343007,19666,2930,2930,0,22596
3604,343008,13327,13061,13061,0,26388
3605,343009,5117,4840,4840,0,9957
3606,343010,25290,3537,3537,0,28827
3607,343011,75377,35425,35425,0,110802
3608,343012,66796,14216,14216,0,81012
3609,343013,33949,12067,12067,0,46016
3610,343014,12333,1894,1894,0,14227
3611,343015,94663,7490,7490,0,102153
3612,343016,5888,3593,3593,0,9481
3613,343017,23864,3645,3645,0,27509
3614,343018,10006,1296,1296,0,11302
3615,343019,25200,908,908,0,26108
3616,343020,8491,559,559,0,9050
3617,344001,7159,7711,7711,0,14870
3618,344002,40509,219876,219876,0,260385
3619,344003,908492,185701,185701,0,1094193
3620,344004,14805,13506,13506,0,28311
3621,344005,4827,2482,2482,0,7309
3622,344006,5748,3511,3511,0,9259
3623,344007,8775,6773,6773,0,15548
3624,344008,38055,11968,11968,0,50023
3625,344009,50355,3037,3037,0,53392
3626,344010,174193,14383,14383,0,188576
3627,345001,19132,5866,5866,0,24998
3628,345002,46210,8139,8139,0,54349
3629,345003,16829,3397,3397,0,20226
3630,345004,94798,6941,6941,0,101739
3631,345005,15886,1749,1749,0,17635
3632,345006,10418,1085,1085,0,11503
3633,345007,53581,8607,8607,0,62188
3634,345008,117393,24527,24527,0,141920
3635,345009,4913,1032,1032,0,5945
3636,345010,6313,2282,2282,0,8595
3637,345011,4960,890,890,0,5850
3638,346001,384128,54917,54917,0,439045
3639,346002,6269,2443,2443,0,8712
3640,346003,134715,14885,14885,0,149600
3641,347001,184976,21698,21698,0,206674
3642,347002,105805,24014,24014,0,129819
3643,347003,24454,4978,4978,0,29432
3644,347004,88424,8190,8190,0,96614
3645,347005,199179,32737,32737,0,231916
3646,347006,6012,3257,3257,0,9269
3647,347007,4342,967,967,0,5309
3648,347008,9084,1326,1326,0,10410
3649,347009,84235,29656,29656,0,113891
3650,347010,8474,1656,1656,0,10130
3651,347011,3942,553,553,0,4495
3652,347012,22482,5740,5740,0,28222
3653,347013,86840,9712,9712,0,96552
3654,347014,4253,471,471,0,4724
3655,347015,60481,8821,8821,0,69302
3656,347016,101799,12823,12823,0,114622
3657,347017,106349,25768,25768,0,132117
3658,347018,76614,10747,10747,0,87361
3659,347019,7089,558,558,0,7647
3660,347020,16086,1870,1870,0,17956
3661,347021,5180,245,245,0,5425
3662,347022,27452,3874,3874,0,31326
3663,347023,16106,2716,2716,0,18822
3664,347024,166645,11859,11859,0,178504
3665,347025,41632,3282,3282,0,44914
3666,347026,191511,14821,14821,0,206332
3667,347027,79666,7453,7453,0,87119
3668,347028,112803,10298,10298,0,123101
3669,347029,5629,1345,1345,0,6974
3670,347030,15079,1159,1159,0,16238
3671,347031,149521,28776,28776,0,178297
3672,347032,37379,4394,4394,0,41773
3673,347033,7731,238,238,0,7969
3674,347034,27979,2290,2290,0,30269
3675,347035,21867,1430,1430,0,23297
3676,347036,280289,80514,80514,0,360803
3677,347037,31216,5512,5512,0,36728
3678,347038,1680,1718,1718,0,3398
3679,348001,73636,4883,4883,0,78519
3680,348002,4703,48,48,0,4751
3681,348003,24945,9929,9929,0,34874
3682,348004,28240,1095,1095,0,29335
3683,348005,24722,2381,2381,0,27103
3684,348006,45627,2558,2558,0,48185
3685,348007,68610,2011,2011,0,70621
3686,348008,8351,144,144,0,8495
3687,348009,6920,235,235,0,7155
3688,348010,68559,10289,10289,0,78848
3689,348011,25293,1577,1577,0,26870
3690,348012,76629,27437,27437,0,104066
3691,348013,5206,282,282,0,5488
3692,348014,69530,14121,14121,0,83651
3693,348015,29211,3655,3655,0,32866
3694,348016,21822,3302,3302,0,25124
3695,348017,22183,7159,7159,0,29342
3696,348018,6588,448,448,0,7036
3697,348019,98855,3895,3895,0,102750
3698,348020,23184,2251,2251,0,25435
3699,348021,52718,12537,12537,0,65255
3700,348022,37641,1862,1862,0,39503
3701,348023,9737,1008,1008,0,10745
3702,348024,24812,2190,2190,0,27002
3703,348025,25025,2968,2968,0,27993
3704,348026,17493,1392,1392,0,18885
3705,349001,400582,95313,95313,0,495895
3706,349002,218704,55431,55431,0,274135
3707,349003,67036,34715,34715,0,101751
3708,349004,3414,3678,3678,0,7092
3709,349005,272966,68412,68412,0,341378
3710,350001,402756,47952,47952,0,450708
3711,350002,261263,25705,25705,0,286968
3712,350003,232129,41620,41620,0,273749
3713,351001,57174,605,605,0,57779
3714,351002,17910,965,965,0,18875
3715,351003,13205,159,159,0,13364
3716,351004,29071,4872,4872,0,33943
3717,351005,45907,6026,6026,0,51933
3718,351006,7139,323,323,0,7462
3719,351007,68065,10588,10588,0,78653
3720,351008,11058,8934,8934,0,19992
3721,351009,3834,1384,1384,0,5218
3722,351010,34515,3449,3449,0,37964
3723,351011,10145,2851,2851,0,12996
3724,351012,3089,2372,2372,0,5461
3725,351013,4786,2593,2593,0,7379
3726,351014,22877,373,373,0,23250
3727,351015,17891,5168,5168,0,23059
3728,351016,12551,3806,3806,0,16357
3729,351017,10183,4162,4162,0,14345
3730,351018,25271,8047,8047,0,33318
3731,351019,14027,43,43,0,14070
3732,351020,17564,3465,3465,0,21029
3733,351021,22046,1044,1044,0,23090
3734,351022,20519,9488,9488,0,30007
3735,351023,16467,4326,4326,0,20793
3736,351024,21297,19200,19200,0,40497
3737,351025,55528,10766,10766,0,66294
3738,352001,28534,19806,19806,0,48340
3739,352002,10340,5136,5136,0,15476
3740,352003,22852,15296,15296,0,38148
3741,352004,223332,76860,76860,0,300192
3742,352005,17220,2784,2784,0,20004
3743,352006,26038,8736,8736,0,34774
3744,352007,14326,2958,2958,0,17284
3745,352008,11694,2515,2515,0,14209
3746,352009,14245,3643,3643,0,17888
3747,353001,79948,35175,35175,0,115123
3748,353002,67918,17759,17759,0,85677
3749,353003,814371,170580,170580,0,984951
3750,353004,31906,3532,3532,0,35438
3751,353005,25445,6293,6293,0,31738
3752,353006,410952,109513,109513,0,520465
3753,353007,33288,1046,1046,0,34334
3754,353008,64051,11436,11436,0,75487
3755,353009,26793,9198,9198,0,35991
3756,353010,488994,76585,76585,0,565579
3757,353011,314776,48647,48647,0,363423
3758,353012,100212,27965,27965,0,128177
3759,353013,31088,194,194,0,31282
3760,353014,11965,392,392,0,12357
3761,353015,15162,5776,5776,0,20938
3762,353016,27865,8161,8161,0,36026
3763,353017,55814,2457,2457,0,58271
3764,353018,10124,2828,2828,0,12952
3765,353019,36865,11553,11553,0,48418
3766,353020,18032,7169,7169,0,25201
3767,353021,32058,12332,12332,0,44390
3768,353022,319633,57763,57763,0,377396
3769,353023,26985,21705,21705,0,48690
3770,353024,6419,1525,1525,0,7944
3771,353025,78108,13580,13580,0,91688
3772,353026,26709,20020,20020,0,46729
3773,353027,38111,22975,22975,0,61086
3774,353028,118826,2435,2435,0,121261
3775,353029,15758,2604,2604,0,18362
3776,353030,121040,5540,5540,0,126580
3777,353031,256582,94842,94842,0,351424
3778,353032,33186,6393,6393,0,39579
3779,353033,25081,2409,2409,0,27490
3780,353034,12593,1997,1997,0,14590
3781,353035,38570,10892,10892,0,49462
3782,354001,88211,4615,4615,0,92826
3783,354002,150215,6760,6760,0,156975
3784,354003,140532,24802,24802,0,165334
3785,354004,85894,11536,11536,0,97430
3786,354005,46869,5444,5444,0,52313
3787,354006,29462,4821,4821,0,34283
3788,354007,66185,14339,14339,0,80524
3789,354008,61239,15295,15295,0,76534
3790,354009,35386,13142,13142,0,48528
3791,354010,22236,12031,12031,0,34267
3792,354011,75488,23702,23702,0,99190
3793,354012,20306,5755,5755,0,26061
3794,355001,382479,28316,28316,0,410795
3795,356001,280869,28687,28687,0,309556
3796,356002,465520,9829,9829,0,475349
3797,357001,323214,21258,21258,0,344472
3798,358001,108948,38958,38958,0,147906
3799,358002,48840,16208,16208,0,65048
3800,358003,22494,4366,4366,0,26860
3801,358004,34830,7612,7612,0,42442
3802,358005,7608,235,235,0,7843
3803,358006,24941,4573,4573,0,29514
3804,358007,13022,6078,6078,0,19100
3805,358008,15577,4333,4333,0,19910
3806,358009,34945,25528,25528,0,60473
3807,358010,16038,1614,1614,0,17652
3808,358011,8002,2229,2229,0,10231
3809,358012,11102,774,774,0,11876
3810,358013,23725,3933,3933,0,27658
3811,358014,7132,50,50,0,7182
3812,358015,24638,2839,2839,0,27477
3813,358016,14145,1003,1003,0,15148
3814,358017,51540,17027,17027,0,68567
3815,358018,7613,610,610,0,8223
3816,358019,5739,0,0,0,5739
3817,358020,41670,3554,3554,0,45224
3818,358021,31034,20176,20176,0,51210
3819,358022,16500,1844,1844,0,18344
3820,358023,14572,3171,3171,0,17743
3821,358024,21825,7919,7919,0,29744
3822,358025,7215,1100,1100,0,8315
3823,359001,53331,10817,10817,0,64148
3824,359002,509722,80259,80259,0,589981
3825,359003,4680,823,823,0,5503
3826,359004,205,904,904,0,1109
3827,360001,595809,79455,79455,0,675264
3828,360002,441020,30430,30430,0,471450
3829,360003,24615,3303,3303,0,27918
3830,360004,97155,2579,2579,0,99734
3831,360005,656636,98406,98406,0,755042
3832,360006,225241,16976,16976,0,242217
3833,360007,34086,424,424,0,34510
3834,360008,12510,1212,1212,0,13722
3835,361001,317975,58327,58327,0,376302
3836,361002,68321,1917,1917,0,70238
3837,361003,20707,329,329,0,21036
3838,362001,703435,117637,117637,0,821072
3839,363001,1282578,254661,254661,0,1537239
3840,363002,15856,7231,7231,0,23087
3841,364001,626157,65741,65741,0,691898
3842,364002,64789,1504,1504,0,66293
3843,364003,154660,12834,12834,0,167494
3844,364004,240907,33275,33275,0,274182
3845,364005,178748,24332,24332,0,203080
3846,364006,55371,1542,1542,0,56913
3847,364007,411254,79557,79557,0,490811
3848,364008,396126,70888,70888,0,467014
3849,364009,113891,7379,7379,0,121270
3850,364010,47603,328,328,0,47931
3851,364011,202855,20883,20883,0,223738
3852,364012,32358,4645,4645,0,37003
3853,364013,198314,37795,37795,0,236109
3854,364014,17573,1897,1897,0,19470
3855,364015,524000,74270,74270,0,598270
3856,364016,25694,1028,1028,0,26722
3857,364017,149553,92483,92483,0,242036
3858,364018,45507,3578,3578,0,49085
3859,364019,8692,3570,3570,0,12262
3860,364020,67654,5484,5484,0,73138
3861,364021,29795,231,231,0,30026
3862,364022,53348,928,928,0,54276
3863,364023,31260,1755,1755,0,33015
3864,364024,45843,748,748,0,46591
3865,364025,232702,30538,30538,0,263240
3866,364026,18236,264,264,0,18500
3867,364027,79150,10187,10187,0,89337
3868,365001,545946,74506,74506,0,620452
3869,365002,102116,35294,35294,0,137410
3870,365003,772666,225550,225550,0,998216
3871,365004,9699,670,670,0,10369
3872,365005,12349,3308,3308,0,15657
3873,366001,91046,7899,7899,0,98945
3874,366002,137709,43460,43460,0,181169
3875,366003,408845,68380,68380,0,477225
3876,366004,36071,38112,38112,0,74183
3877,366005,5404,4309,4309,0,9713
3878,367001,272109,24585,24585,0,296694
3879,368001,689943,42373,42373,0,732316
3880,368002,203590,1550,1550,0,205140
3881,369001,42833,0,0,0,42833
3882,369002,87027,1837,1837,0,88864
3883,369003,10476,823,823,0,11299
3884,369004,78247,8747,8747,0,86994
3885,369005,39666,3250,3250,0,42916
3886,369006,13014,791,791,0,13805
3887,369007,74756,13431,13431,0,88187
3888,369008,44374,7634,7634,0,52008
3889,370001,901580,174094,174094,0,1075674
3890,370002,89194,19774,19774,0,108968
3891,370003,53255,2655,2655,0,55910
3892,371001,1996812,161352,161352,0,2158164
3893,371002,125777,3680,3680,0,129457
3894,371003,107668,3444,3444,0,111112
3895,371004,6074,0,0,0,6074
3896,371005,79856,4818,4818,0,84674
3897,371006,31791,7736,7736,0,39527
3898,371007,75705,3475,3475,0,79180
3899,371008,32559,14519,14519,0,47078
3900,371009,95946,4212,4212,0,100158
3901,371010,120154,12558,12558,0,132712
3902,371011,16947,6311,6311,0,23258
3903,372001,175623,46127,46127,0,221750
3904,372002,67767,254,254,0,68021
3905,372003,228147,11081,11081,0,239228
3906,372004,84322,13193,13193,0,97515
3907,372005,122419,13939,13939,0,136358
3908,372006,186043,14781,14781,0,200824
3909,372007,198144,8549,8549,0,206693
3910,372008,157567,7250,7250,0,164817
3911,372009,10916,228,228,0,11144
3912,372010,11208,229,229,0,11437
3913,372011,34573,12187,12187,0,46760
3914,372012,670009,56894,56894,0,726903
3915,372013,190044,11753,11753,0,201797
3916,372014,11166,89,89,0,11255
3917,372015,10970,301,301,0,11271
3918,372016,56901,4367,4367,0,61268
3919,372017,68987,2914,2914,0,71901
3920,372018,131381,13574,13574,0,144955
3921,372019,90958,16379,16379,0,107337
3922,372020,12435,2133,2133,0,14568
3923,372021,99835,13815,13815,0,113650
3924,372022,354790,64885,64885,0,419675
3925,372023,204499,55471,55471,0,259970
3926,372024,18374,3526,3526,0,21900
3927,372025,12024,743,743,0,12767
3928,372026,247807,15830,15830,0,263637
3929,372027,4968,313,313,0,5281
3930,372028,262201,61945,61945,0,324146
3931,372029,10580,1115,1115,0,11695
3932,372030,17017,1901,1901,0,18918
3933,372031,76394,13932,13932,0,90326
3934,372032,330885,21150,21150,0,352035
3935,372033,11066,835,835,0,11901
3936,372034,8154,355,355,0,8509
3937,372035,18560,3059,3059,0,21619
3938,372036,356217,69129,69129,0,425346
3939,372037,60930,16791,16791,0,77721
3940,372038,124862,19410,19410,0,144272
3941,372039,19877,1004,1004,0,20881
3942,372040,152139,52135,52135,0,204274
3943,372041,80788,13827,13827,0,94615
3944,372042,80844,17641,17641,0,98485
3945,372043,618156,85122,85122,0,703278
3946,372044,44362,23191,23191,0,67553
3947,372045,8607,1552,1552,0,10159
3948,372046,144381,28563,28563,0,172944
3949,372047,308233,47575,47575,0,355808
3950,372048,10406,860,860,0,11266
3951,372049,82486,11424,11424,0,93910
3952,372050,5704,1855,1855,0,7559
3953,372051,39453,11078,11078,0,50531
3954,372052,7204,485,485,0,7689
3955,372053,148206,34109,34109,0,182315
3956,372054,66264,12718,12718,0,78982
3957,372055,6961,835,835,0,7796
3958,372056,6030,551,551,0,6581
3959,372057,38502,38354,38354,0,76856
3960,372058,59350,23870,23870,0,83220
3961,372059,300039,67397,67397,0,367436
3962,372060,56445,25736,25736,0,82181
3963,372061,7697,8139,8139,0,15836
3964,372062,8507,873,873,0,9380
3965,372063,21736,4045,4045,0,25781
3966,372064,30284,14521,14521,0,44805
3967,372065,18174,4708,4708,0,22882
3968,372066,9679,2372,2372,0,12051
3969,372067,55851,10468,10468,0,66319
3970,372068,14273,810,810,0,15083
3971,373001,970982,119605,119605,0,1090587
3972,373002,139204,33455,33455,0,172659
3973,373003,504568,60243,60243,0,564811
3974,374001,14795,614,614,0,15409
3975,374002,36118,8218,8218,0,44336
3976,374003,43572,8146,8146,0,51718
3977,374004,122360,13732,13732,0,136092
3978,374005,170734,48829,48829,0,219563
3979,374006,40714,9987,9987,0,50701
3980,375001,35632,36905,36905,0,72537
3981,375002,158464,16349,16349,0,174813
3982,375003,22550,0,0,0,22550
3983,375004,8995,69,69,0,9064
3984,375005,12282,0,0,0,12282
3985,375006,41829,0,0,0,41829
3986,375007,22213,0,0,0,22213
3987,375008,4281,0,0,0,4281
3988,375009,6870,23,23,0,6893
3989,375010,10803,0,0,0,10803
3990,375011,121984,286,286,0,122270
3991,375012,6043,0,0,0,6043
3992,375013,22526,0,0,0,22526
3993,375014,22604,0,0,0,22604
3994,376001,52902,3949,3949,0,56851
3995,376002,27071,5955,5955,0,33026
3996,376003,112732,12568,12568,0,125300
3997,376004,7241,0,0,0,7241
3998,376005,13220,16049,16049,0,29269
3999,377001,259500,53574,53574,0,313074
4000,377002,115640,34300,34300,0,149940
4001,377003,68878,15241,15241,0,84119
4002,377004,1348142,431764,431764,0,1779906
4003,377005,26458,19589,19589,0,46047
4004,377006,12111,38378,38378,0,50489
4005,377007,3645,2208,2208,0,5853
4006,378001,219835,59030,59030,0,278865
4007,378002,242524,60285,60285,0,302809
4008,378003,76313,3606,3606,0,79919
4009,378004,18837,2729,2729,0,21566
4010,379001,328097,11869,11869,0,339966
4011,379002,15406,0,0,0,15406
4012,379003,25193,63,63,0,25256
4013,379004,6197,13210,13210,0,19407
4014,380001,109855,0,0,0,109855
4015,380002,10003,0,0,0,10003
4016,380003,21165,0,0,0,21165
4017,380004,42361,617,617,0,42978
4018,380005,11631,0,0,0,11631
4019,380006,4349,0,0,0,4349
4020,381001,18729,30580,30580,0,49309
4021,381002,276191,19396,19396,0,295587
4022,382001,117093,30491,30491,0,147584
4023,382002,87572,4519,4519,0,92091
4024,382003,279138,59771,59771,0,338909
4025,382004,89793,19311,19311,0,109104
4026,382005,976501,193276,193276,0,1169777
4027,382006,55781,16424,16424,0,72205
4028,382007,27250,9697,9697,0,36947
4029,383001,79573,108,108,0,79681
4030,383002,6248,127847,127847,0,134095
4031,383003,149500,6425,6425,0,155925
4032,383004,50329,10949,10949,0,61278
4033,383005,274691,30819,30819,0,305510
4034,384001,53173,6866,6866,0,60039
4035,384002,5406,201,201,0,5607
4036,384003,81392,4041,4041,0,85433
4037,384004,21798,2162,2162,0,23960
4038,384005,29613,5932,5932,0,35545
4039,385001,217507,16823,16823,0,234330
4040,385002,299909,41213,41213,0,341122
4041,385003,729338,115718,115718,0,845056
4042,385004,29187,5370,5370,0,34557
4043,385005,357794,24305,24305,0,382099
4044,385006,37772,5903,5903,0,43675
4045,385007,28597,344,344,0,28941
4046,385008,31693,5655,5655,0,37348
4047,385009,15150,1336,1336,0,16486
4048,385010,25740,154,154,0,25894
4049,385011,10619,0,0,0,10619
4050,386001,32185,2042,2042,0,34227
4051,386002,17176,831,831,0,18007
4052,386003,20020,1109,1109,0,21129
4053,386004,50300,22338,22338,0,72638
4054,386005,146592,15927,15927,0,162519
4055,386006,71578,41425,41425,0,113003
4056,386007,49318,13115,13115,0,62433
4057,386008,33279,257162,257162,0,290441
4058,386009,18197,7100,7100,0,25297
4059,386010,17738,12607,12607,0,30345
4060,386011,130762,46007,46007,0,176769
4061,386012,54558,26385,26385,0,80943
4062,386013,5721,5916,5916,0,11637
4063,386014,113258,57206,57206,0,170464
4064,386015,37475,575859,575859,0,613334
4065,386016,40027,161092,161092,0,201119
4066,387001,95356,11928,11928,0,107284
4067,387002,677390,58299,58299,0,735689
4068,387003,53689,9374,9374,0,63063
4069,387004,114106,9967,9967,0,124073
4070,387005,72809,5774,5774,0,78583
4071,387006,24512,1449,1449,0,25961
4072,388001,57067,9392,9392,0,66459
4073,388002,5071,997,997,0,6068
4074,388003,78310,20556,20556,0,98866
4075,388004,251318,55531,55531,0,306849
4076,388005,44599,15885,15885,0,60484
4077,388006,50655,9478,9478,0,60133
4078,388007,586426,47009,47009,0,633435
4079,388008,107068,6361,6361,0,113429
4080,388009,143310,9490,9490,0,152800
4081,389001,975786,89600,89600,0,1065386
4082,389002,43773,190,190,0,43963
4083,389003,9134,254490,254490,0,263624
4084,390001,219096,10876,10876,0,229972
4085,390002,52447,2737,2737,0,55184
4086,391001,153700,19780,19780,0,173480
4087,391002,471806,39639,39639,0,511445
4088,391003,24384,18248,18248,0,42632
4089,392001,161669,8636,8636,0,170305
4090,392002,275329,18060,18060,0,293389
4091,392003,86372,1909,1909,0,88281
4092,393001,592400,85105,85105,0,677505
4093,393002,298751,11895,11895,0,310646
4094,393003,24895,1758,1758,0,26653
4095,393004,377246,88679,88679,0,465925
4096,393005,20583,5599,5599,0,26182
4097,393006,16190,3407,3407,0,19597
4098,393007,11915,682,682,0,12597
4099,393008,93742,6870,6870,0,100612
4100,393009,482655,74756,74756,0,557411
4101,393010,60774,6204,6204,0,66978
4102,393011,58597,7565,7565,0,66162
4103,393012,354018,57290,57290,0,411308
4104,393013,4909,42,42,0,4951
4105,393014,187057,14147,14147,0,201204
4106,393015,124686,23165,23165,0,147851
4107,393016,7489,2472,2472,0,9961
4108,393017,37730,1984,1984,0,39714
4109,393018,94412,18061,18061,0,112473
4110,393019,224953,52587,52587,0,277540
4111,393020,438018,155077,155077,0,593095
4112,393021,15069,514,514,0,15583
4113,393022,10857,1019,1019,0,11876
4114,393023,205743,26917,26917,0,232660
4115,393024,12887,1757,1757,0,14644
4116,393025,207823,8726,8726,0,216549
4117,393026,12777,710,710,0,13487
4118,393027,41036,4452,4452,0,45488
4119,393028,110689,8986,8986,0,119675
4120,393029,234955,30830,30830,0,265785
4121,393030,6755,383,383,0,7138
4122,393031,191996,22882,22882,0,214878
4123,393032,223332,21193,21193,0,244525
4124,393033,102245,5900,5900,0,108145
4125,393034,67378,3010,3010,0,70388
4126,393035,166542,22351,22351,0,188893
4127,393036,8241,3082,3082,0,11323
4128,393037,210045,27119,27119,0,237164
4129,393038,9847,1744,1744,0,11591
4130,393039,51781,5905,5905,0,57686
4131,393040,105657,4831,4831,0,110488
4132,393041,56561,6068,6068,0,62629
4133,393042,19531,1264,1264,0,20795
4134,393043,118479,11841,11841,0,130320
4135,393044,178817,658,658,0,179475
4136,393045,34480,1785,1785,0,36265
4137,393046,117004,6926,6926,0,123930
4138,393047,51661,3133,3133,0,54794
4139,393048,160083,23582,23582,0,183665
4140,394001,19686,226,226,0,19912
4141,394002,756197,85353,85353,0,841550
4142,394003,56917,5477,5477,0,62394
4143,394004,104284,3640,3640,0,107924
4144,394005,6010,40,40,0,6050
4145,394006,316387,14012,14012,0,330399
4146,394007,9921,759,759,0,10680
4147,394008,310499,22216,22216,0,332715
4148,394009,80760,2065,2065,0,82825
4149,394010,135476,3093,3093,0,138569
4150,394011,119220,1954,1954,0,121174
4151,394012,118622,2259,2259,0,120881
4152,394013,68072,4139,4139,0,72211
4153,395001,285623,11370,11370,0,296993
4154,395002,79699,5918,5918,0,85617
4155,395003,34764,1029,1029,0,35793
4156,395004,202313,4777,4777,0,207090
4157,395005,96073,5002,5002,0,101075
4158,395006,158240,7012,7012,0,165252
4159,395007,57534,3110,3110,0,60644
4160,396001,155550,1674,1674,0,157224
4161,397001,26230,4520,4520,0,30750
4162,397002,30682,1732,1732,0,32414
4163,397003,7878,1618,1618,0,9496
4164,397004,110250,19380,19380,0,129630
4165,397005,130098,27713,27713,0,157811
4166,397006,6385,11144,11144,0,17529
4167,397007,10105,10949,10949,0,21054
4168,397008,44610,7802,7802,0,52412
4169,397009,18550,5031,5031,0,23581
4170,397010,54957,675,675,0,55632
4171,397011,428522,42377,42377,0,470899
4172,397012,154933,15785,15785,0,170718
4173,397013,215077,18539,18539,0,233616
4174,397014,71476,12701,12701,0,84177
4175,397015,124057,16887,16887,0,140944
4176,397016,79240,16977,16977,0,96217
4177,397017,19933,3109,3109,0,23042
4178,397018,95857,1060,1060,0,96917
4179,397019,14569,10070,10070,0,24639
4180,397020,20096,699,699,0,20795
4181,397021,31626,462,462,0,32088
4182,397022,21124,1710,1710,0,22834
4183,398001,36410,1749,1749,0,38159
4184,398002,142813,10511,10511,0,153324
4185,398003,12654,3079,3079,0,15733
4186,398004,18725,1779,1779,0,20504
4187,398005,195302,14491,14491,0,209793
4188,398006,146610,3594,3594,0,150204
4189,398007,10875,80,80,0,10955
4190,398008,459387,9094,9094,0,468481
4191,398009,40538,242,242,0,40780
4192,398010,8747,0,0,0,8747
4193,398011,134118,1122,1122,0,135240
4194,399001,119208,26788,26788,0,145996
4195,399002,203892,10103,10103,0,213995
4196,399003,39441,1600,1600,0,41041
4197,399004,209396,763,763,0,210159
4198,399005,78207,1997,1997,0,80204
4199,399006,20001,1194,1194,0,21195
4200,399007,88892,1305,1305,0,90197
4201,399008,33919,1443,1443,0,35362
4202,399009,14879,588,588,0,15467
4203,400001,27088,952,952,0,28040
4204,400002,151128,4545,4545,0,155673
4205,400003,103867,0,0,0,103867
4206,400004,59430,293,293,0,59723
4207,400005,91549,0,0,0,91549
4208,400006,890383,14203,14203,0,904586
4209,400007,86786,0,0,0,86786
4210,400008,206202,5920,5920,0,212122
4211,400009,66104,216,216,0,66320
4212,400010,226925,1734,1734,0,228659
4213,400011,59856,2047,2047,0,61903
4214,400012,47929,1657,1657,0,49586
4215,400013,30184,1172,1172,0,31356
4216,400014,45916,1176,1176,0,47092
4217,400015,314510,6855,6855,0,321365
4218,400016,43602,222,222,0,43824
4219,400017,43536,0,0,0,43536
4220,400018,19961,388,388,0,20349
4221,400019,26162,279,279,0,26441
4222,400020,156741,5305,5305,0,162046
4223,400021,16885,0,0,0,16885
4224,400022,10545,0,0,0,10545
4225,401001,68632,15467,15467,0,84099
4226,401002,211320,9304,9304,0,220624
4227,401003,129654,3718,3718,0,133372
4228,401004,4399,10,10,0,4409
4229,401005,85571,1147,1147,0,86718
4230,401006,39377,0,0,0,39377
4231,401007,45497,0,0,0,45497
4232,401008,157515,2900,2900,0,160415
4233,401009,149431,9906,9906,0,159337
4234,401010,585335,26384,26384,0,611719
4235,401011,11113,0,0,0,11113
4236,401012,46098,0,0,0,46098
4237,401013,123101,427,427,0,123528
4238,401014,289148,290,290,0,289438
4239,401015,163453,1978,1978,0,165431
4240,401016,27393,177,177,0,27570
4241,401017,29990,114,114,0,30104
4242,401018,33843,1700,1700,0,35543
4243,401019,163411,365,365,0,163776
4244,401020,40865,894,894,0,41759
4245,401021,165547,1367,1367,0,166914
4246,401022,57684,167,167,0,57851
4247,401023,241009,4364,4364,0,245373
4248,401024,10695,183,183,0,10878
4249,401025,40600,53,53,0,40653
4250,401026,254397,10776,10776,0,265173
4251,401027,19672,0,0,0,19672
4252,401028,48938,330,330,0,49268
4253,401029,26934,0,0,0,26934
4254,401030,19027,352,352,0,19379
4255,401031,40390,112,112,0,40502
4256,401032,31310,251,251,0,31561
4257,401033,30457,0,0,0,30457
4258,401034,37731,150,150,0,37881
4259,401035,36420,0,0,0,36420
4260,401036,27371,0,0,0,27371
4261,401037,6920,0,0,0,6920
4262,401038,7046,195,195,0,7241
4263,401039,12932,177,177,0,13109
4264,401040,22493,464,464,0,22957
4265,401041,27614,1314,1314,0,28928
4266,401042,146817,2690,2690,0,149507
4267,401043,5402,0,0,0,5402
4268,401044,97658,29211,29211,0,126869
4269,401045,6670,820,820,0,7490
4270,401046,22382,670,670,0,23052
4271,401047,81212,2094,2094,0,83306
4272,401048,43207,26,26,0,43233
4273,401049,15508,0,0,0,15508
4274,401050,5306,0,0,0,5306
4275,401051,21381,0,0,0,21381
4276,401052,21501,2153,2153,0,23654
4277,401053,58065,1479,1479,0,59544
4278,401054,5246,0,0,0,5246
4279,401055,9462,69,69,0,9531
4280,401056,30465,127,127,0,30592
4281,401057,21315,80,80,0,21395
4282,401058,106504,1645,1645,0,108149
4283,401059,6553,23,23,0,6576
4284,401060,108992,3149,3149,0,112141
4285,401061,9197,1294,1294,0,10491
4286,401062,9282,100,100,0,9382
4287,401063,8298,139,139,0,8437
4288,401064,13171,1838,1838,0,15009
4289,401065,21268,0,0,0,21268
4290,401066,129608,426,426,0,130034
4291,401067,6914,0,0,0,6914
4292,401068,9044,0,0,0,9044
4293,401069,5371,0,0,0,5371
4294,401070,4261,229,229,0,4490
4295,401071,13647,678,678,0,14325
4296,401072,505816,43377,43377,0,549193
4297,401073,7951,152,152,0,8103
4298,401074,113113,603,603,0,113716
4299,401075,29201,2207,2207,0,31408
4300,401076,18093,0,0,0,18093
4301,401077,17206,611,611,0,17817
4302,401078,10440,428,428,0,10868
4303,401079,12716,13084,13084,0,25800
4304,401080,963,2718,2718,0,3681
4305,401081,4398,217,217,0,4615
4306,401082,139000,874,874,0,139874
4307,401083,13922,5265,5265,0,19187
4308,401084,70635,4528,4528,0,75163
4309,401085,6002,0,0,0,6002
4310,401086,1061,2032,2032,0,3093
4311,401087,20124,7337,7337,0,27461
4312,401088,46336,360,360,0,46696
4313,401089,9347,0,0,0,9347
4314,401090,10292,2139,2139,0,12431
4315,401091,58536,20083,20083,0,78619
4316,401092,1811,477,477,0,2288
4317,401093,83195,8306,8306,0,91501
4318,401094,25433,179,179,0,25612
4319,401095,3957,3482,3482,0,7439
4320,401096,4295,0,0,0,4295
4321,401097,3348,0,0,0,3348
4322,401098,8982,327,327,0,9309
4323,401099,63204,110,110,0,63314
4324,401100,9181,1699,1699,0,10880
4325,401101,4607,0,0,0,4607
4326,401102,6637,728,728,0,7365
4327,401103,9694,0,0,0,9694
4328,401104,4716,0,0,0,4716
4329,401105,68090,8649,8649,0,76739
4330,401106,2623,880,880,0,3503
4331,401107,4907,374,374,0,5281
4332,401108,68703,217,217,0,68920
4333,401109,58801,14948,14948,0,73749
4334,401110,17480,178,178,0,17658
4335,401111,26002,767,767,0,26769
4336,401112,8992,50,50,0,9042
4337,401113,6419,51,51,0,6470
4338,401114,198867,3248,3248,0,202115
4339,401115,23649,0,0,0,23649
4340,401116,4710,0,0,0,4710
4341,401117,2890,0,0,0,2890
4342,401118,5881,228,228,0,6109
4343,401119,10433,2408,2408,0,12841
4344,401120,3664,752,752,0,4416
4345,401121,2916,259,259,0,3175
4346,401122,24585,0,0,0,24585
4347,401123,53970,2285,2285,0,56255
4348,401124,13958,492,492,0,14450
4349,401125,3546,0,0,0,3546
4350,401126,31897,452,452,0,32349
4351,401127,11548,0,0,0,11548
4352,401128,48267,1470,1470,0,49737
4353,401129,37364,2703,2703,0,40067
4354,401130,5755,228,228,0,5983
4355,401131,3853,1514,1514,0,5367
4356,401132,43352,5276,5276,0,48628
4357,401133,14316,158,158,0,14474
4358,401134,15576,312,312,0,15888
4359,401135,49258,0,0,0,49258
4360,401136,5672,0,0,0,5672
4361,401137,2594,2,2,0,2596
4362,401138,3980,123,123,0,4103
4363,401139,10113,310,310,0,10423
4364,401140,1538,445,445,0,1983
4365,401141,1829,0,0,0,1829
4366,401142,5732,0,0,0,5732
4367,401143,62955,15853,15853,0,78808
4368,401144,35703,834,834,0,36537
4369,401145,3137,174,174,0,3311
4370,401146,2198,0,0,0,2198
4371,401147,7125,1337,1337,0,8462
4372,401148,35775,83,83,0,35858
4373,401149,18274,4672,4672,0,22946
4374,402001,157969,1369,1369,0,159338
4375,402002,105379,0,0,0,105379
4376,402003,88740,4360,4360,0,93100
4377,402004,72558,1153,1153,0,73711
4378,403001,324207,3993,3993,0,328200
4379,403002,278853,7249,7249,0,286102
4380,403003,34796,2737,2737,0,37533
4381,403004,1001624,41032,41032,0,1042656
4382,404001,967908,1097293,1097293,0,2065201
4383,404002,75669,7040,7040,0,82709
4384,404003,18534,15387,15387,0,33921
4385,405001,263985,26269,26269,0,290254
4386,406001,64071,1734,1734,0,65805
4387,406002,25448,0,0,0,25448
4388,406003,10134,1289,1289,0,11423
4389,406004,13110,0,0,0,13110
4390,406005,41007,2945,2945,0,43952
4391,406006,73689,3151,3151,0,76840
4392,406007,41527,6765,6765,0,48292
4393,406008,5515,19,19,0,5534
4394,406009,226053,6499,6499,0,232552
4395,406010,264323,10159,10159,0,274482
4396,406011,227220,8414,8414,0,235634
4397,406012,470650,13627,13627,0,484277
4398,407001,40899,901,901,0,41800
4399,407002,136299,2792,2792,0,139091
4400,407003,213243,8741,8741,0,221984
4401,407004,25847,118,118,0,25965
4402,407005,34398,15,15,0,34413
4403,407006,94411,1164,1164,0,95575
4404,407007,54122,1419,1419,0,55541
4405,407008,16061,156,156,0,16217
4406,407009,8890,951,951,0,9841
4407,407010,69091,585,585,0,69676
4408,407011,33387,996,996,0,34383
4409,407012,350747,16104,16104,0,366851
4410,407013,195899,16101,16101,0,212000
4411,407014,652376,31529,31529,0,683905
4412,407015,6203,2736,2736,0,8939
4413,407016,27205,2462,2462,0,29667
4414,407017,21991,0,0,0,21991
4415,407018,15566,435,435,0,16001
4416,408001,34960,1548,1548,0,36508
4417,408002,26930,2813,2813,0,29743
4418,408003,100169,16952,16952,0,117121
4419,408004,3948,75,75,0,4023
4420,408005,167904,5335,5335,0,173239
4421,408006,25458,75,75,0,25533
4422,408007,65436,19414,19414,0,84850
4423,408008,22422,3048,3048,0,25470
4424,408009,10722,197,197,0,10919
4425,408010,9116,0,0,0,9116
4426,408011,12908,2205,2205,0,15113
4427,408012,16763,1129,1129,0,17892
4428,408013,42096,1156,1156,0,43252
4429,408014,37593,3895,3895,0,41488
4430,408015,23027,856,856,0,23883
4431,408016,43036,931,931,0,43967
4432,408017,8466,623,623,0,9089
4433,408018,5719,8590,8590,0,14309
4434,408019,3731,0,0,0,3731
4435,408020,22422,3992,3992,0,26414
4436,408021,3474,711,711,0,4185
4437,409001,68926,2995,2995,0,71921
4438,409002,19301,26,26,0,19327
4439,409003,72419,7052,7052,0,79471
4440,409004,176790,10896,10896,0,187686
4441,409005,83702,1937,1937,0,85639
4442,409006,20017,1078,1078,0,21095
4443,409007,2238,633,633,0,2871
4444,409008,178748,11787,11787,0,190535
4445,409009,1587485,110657,110657,0,1698142
4446,409010,792541,28426,28426,0,820967
4447,410001,73587,58048,58048,0,131635
4448,410002,29385,5261,5261,0,34646
4449,410003,68637,666,666,0,69303
4450,410004,664184,456881,456881,0,1121065
4451,411001,33194,0,0,0,33194
4452,411002,113172,1209,1209,0,114381
4453,411003,37312,4,4,0,37316
4454,411004,52695,955,955,0,53650
4455,411005,454296,129857,129857,0,584153
4456,411006,35341,20871,20871,0,56212
4457,411007,102922,12987,12987,0,115909
4458,411008,34193,724,724,0,34917
4459,411009,5273,1014,1014,0,6287
4460,411010,8186,7643,7643,0,15829
4461,411011,468282,29683,29683,0,497965
4462,411012,630640,346125,346125,0,976765
4463,411013,51997,773,773,0,52770
4464,411014,19880,463,463,0,20343
4465,412001,78262,66173,66173,0,144435
4466,413001,27270,5413,5413,0,32683
4467,413002,13188,2748,2748,0,15936
4468,413003,4183,470,470,0,4653
4469,413004,6132,367,367,0,6499
4470,413005,8024,6322,6322,0,14346
4471,413006,68213,940,940,0,69153
4472,413007,21314,376,376,0,21690
4473,413008,14137,1428,1428,0,15565
4474,413009,5173,647,647,0,5820
4475,413010,3095371,519596,519596,0,3614967
4476,413011,29302,4156,4156,0,33458
4477,413012,22003,488,488,0,22491
4478,413013,88243,4396,4396,0,92639
4479,413014,11448,578,578,0,12026
4480,413015,22239,2871,2871,0,25110
4481,413016,217646,14609,14609,0,232255
4482,413017,15192,1260,1260,0,16452
4483,413018,81784,1184,1184,0,82968
4484,413019,10285,154,154,0,10439
4485,413020,87650,4762,4762,0,92412
4486,413021,77284,972,972,0,78256
4487,413022,172681,16679,16679,0,189360
4488,413023,6090,905,905,0,6995
4489,413024,30774,4029,4029,0,34803
4490,413025,48152,5445,5445,0,53597
4491,413026,58168,3630,3630,0,61798
4492,414001,115903,3560,3560,0,119463
4493,414002,174111,27280,27280,0,201391
4494,414003,466008,23196,23196,0,489204
4495,414004,16531,115,115,0,16646
4496,414005,615607,148670,148670,0,764277
4497,414006,21817,27034,27034,0,48851
4498,414007,14149,618,618,0,14767
4499,414008,7777,4371,4371,0,12148
4500,414009,12499,4040,4040,0,16539
4501,415001,210916,1983,1983,0,212899
4502,415002,315251,6317,6317,0,321568
4503,415003,28312,188,188,0,28500
4504,415004,3105,0,0,0,3105
4505,415005,12922,561,561,0,13483
4506,415006,4055,0,0,0,4055
4507,415007,36216,390,390,0,36606
4508,415008,211546,5794,5794,0,217340
4509,415009,227106,12798,12798,0,239904
4510,415010,344472,6624,6624,0,351096
4511,416001,9417,119,119,0,9536
4512,416002,62989,2291,2291,0,65280
4513,416003,14750,362,362,0,15112
4514,416004,808005,37594,37594,0,845599
4515,417001,576220,28588,28588,0,604808
4516,417002,13513,697,697,0,14210
4517,417003,5773,51,51,0,5824
4518,417004,59804,3184,3184,0,62988
4519,417005,47554,7011,7011,0,54565
4520,417006,25749,2208,2208,0,27957
4521,418001,90184,1365,1365,0,91549
4522,418002,17696,407,407,0,18103
4523,418003,28091,371,371,0,28462
4524,418004,16908,273,273,0,17181
4525,418005,32486,379,379,0,32865
4526,418006,4388,18824,18824,0,23212
4527,418007,4731,56,56,0,4787
4528,418008,4701,161,161,0,4862
4529,418009,18358,150,150,0,18508
4530,418010,3664,15890,15890,0,19554
4531,418011,19060,0,0,0,19060
4532,418012,18952,0,0,0,18952
4533,418013,2146,9164,9164,0,11310
4534,418014,902,1946,1946,0,2848
4535,418015,176754,3818,3818,0,180572
4536,418016,337113,8890,8890,0,346003
4537,418017,78430,408,408,0,78838
4538,418018,278362,7034,7034,0,285396
4539,418019,63709,1513,1513,0,65222
4540,418020,14333,4769,4769,0,19102
4541,418021,8493,11006,11006,0,19499
4542,418022,64940,2410,2410,0,67350
4543,418023,4883,0,0,0,4883
4544,418024,185207,2518,2518,0,187725
4545,418025,142964,1739,1739,0,144703
4546,418026,15011,11971,11971,0,26982
4547,418027,13252,137,137,0,13389
4548,418028,158892,2772,2772,0,161664
4549,418029,71227,1525,1525,0,72752
4550,418030,55508,97,97,0,55605
4551,419001,781933,43088,43088,0,825021
4552,419002,64554,3666,3666,0,68220
4553,420001,109047,8645,8645,0,117692
4554,420002,21319,2374,2374,0,23693
4555,420003,26672,3939,3939,0,30611
4556,420004,78587,23789,23789,0,102376
4557,420005,6257,3879,3879,0,10136
4558,420006,37109,10365,10365,0,47474
4559,420007,154294,28473,28473,0,182767
4560,420008,8075,4036,4036,0,12111
4561,420009,8741,9296,9296,0,18037
4562,420010,1256,1434,1434,0,2690
4563,420011,735221,58690,58690,0,793911
4564,421001,28867,52003,52003,0,80870
4565,421002,22855,77,77,0,22932
4566,421003,13009,152,152,0,13161
4567,421004,22994,7664,7664,0,30658
4568,421005,24482,6176,6176,0,30658
4569,421006,17508,835,835,0,18343
4570,421007,33461,1090,1090,0,34551
4571,421008,68564,70137,70137,0,138701
4572,421009,956,1855,1855,0,2811
4573,421010,6371,109,109,0,6480
4574,422001,63225,24477,24477,0,87702
4575,422002,6041,188,188,0,6229
4576,422003,15050,2002,2002,0,17052
4577,422004,128790,13296,13296,0,142086
4578,422005,1238364,82603,82603,0,1320967
4579,422006,141250,37327,37327,0,178577
4580,422007,23155,1087,1087,0,24242
4581,423001,11476,609,609,0,12085
4582,423002,149163,18092,18092,0,167255
4583,423003,8049,937,937,0,8986
4584,423004,93074,10253,10253,0,103327
4585,423005,2510,378,378,0,2888
4586,423006,46561,2149,2149,0,48710
4587,423007,12757,1997,1997,0,14754
4588,423008,7630,1004,1004,0,8634
4589,423009,42222,5017,5017,0,47239
4590,423010,73255,11448,11448,0,84703
4591,423011,8567,1414,1414,0,9981
4592,423012,3562,1253,1253,0,4815
4593,423013,28076,2749,2749,0,30825
4594,423014,23940,3331,3331,0,27271
4595,423015,9744,5045,5045,0,14789
4596,423016,9633,5449,5449,0,15082
4597,423017,18049,3806,3806,0,21855
4598,423018,10776,1179,1179,0,11955
4599,423019,188903,21525,21525,0,210428
4600,423020,156302,5158,5158,0,161460
4601,423021,10607,2113,2113,0,12720
4602,423022,12309,3149,3149,0,15458
4603,423023,5051,2307,2307,0,7358
4604,423024,630973,30964,30964,0,661937
4605,423025,262434,24188,24188,0,286622
4606,423026,326376,12691,12691,0,339067
4607,423027,13606,588,588,0,14194
4608,423028,9502,2912,2912,0,12414
4609,424001,52463,3764,3764,0,56227
4610,424002,4611,0,0,0,4611
4611,424003,10627,421,421,0,11048
4612,424004,86386,2832,2832,0,89218
4613,424005,3694,0,0,0,3694
4614,424006,2346,12,12,0,2358
4615,424007,13813,1057,1057,0,14870
4616,424008,703226,39792,39792,0,743018
4617,425001,18666,223,223,0,18889
4618,425002,22338,2008,2008,0,24346
4619,425003,11987,120,120,0,12107
4620,425004,5978,56,56,0,6034
4621,425005,4258,0,0,0,4258
4622,425006,4848,54,54,0,4902
4623,425007,10923,1074,1074,0,11997
4624,425008,6932,349,349,0,7281
4625,425009,11496,1196,1196,0,12692
4626,425010,2154,1697,1697,0,3851
4627,425011,5984,49,49,0,6033
4628,425012,8263,977,977,0,9240
4629,425013,26910,216,216,0,27126
4630,425014,17298,356,356,0,17654
4631,425015,2783,37,37,0,2820
4632,425016,6223,361,361,0,6584
4633,425017,2980,0,0,0,2980
4634,425018,8797,296,296,0,9093
4635,425019,8156,0,0,0,8156
4636,425020,11901,648,648,0,12549
4637,425021,26352,404,404,0,26756
4638,425022,8246,0,0,0,8246
4639,425023,43323,3725,3725,0,47048
4640,425024,49842,1969,1969,0,51811
4641,425025,23724,413,413,0,24137
4642,425026,12983,0,0,0,12983
4643,425027,13253,429,429,0,13682
4644,425028,29155,474,474,0,29629
4645,425029,7309,0,0,0,7309
4646,425030,8214,460,460,0,8674
4647,425031,21846,853,853,0,22699
4648,425032,2543,1058,1058,0,3601
4649,425033,4916,0,0,0,4916
4650,425034,1657,808,808,0,2465
4651,425035,4421,75,75,0,4496
4652,425036,8657,541,541,0,9198
4653,425037,3667,1552,1552,0,5219
4654,425038,1483,0,0,0,1483
4655,425039,5908,0,0,0,5908
4656,425040,5362,1612,1612,0,6974
4657,425041,1279,485,485,0,1764
4658,425042,2653,2116,2116,0,4769
4659,425043,16199,2140,2140,0,18339
4660,425044,18436,735,735,0,19171
4661,425045,314899,21510,21510,0,336409
4662,425046,35719,4569,4569,0,40288
4663,425047,182774,13229,13229,0,196003
4664,425048,415049,45005,45005,0,460054
4665,425049,23395,3825,3825,0,27220
4666,426001,224579,11269,11269,0,235848
4667,426002,23047,935,935,0,23982
4668,426003,285614,11876,11876,0,297490
4669,426004,83330,785,785,0,84115
4670,426005,87697,3916,3916,0,91613
4671,426006,7224,0,0,0,7224
4672,426007,19630,194,194,0,19824
4673,426008,9964,175,175,0,10139
4674,426009,5346,297,297,0,5643
4675,426010,38480,717,717,0,39197
4676,426011,8582,55,55,0,8637
4677,426012,51249,173,173,0,51422
4678,426013,7109,322,322,0,7431
4679,426014,101588,3649,3649,0,105237
4680,426015,9585,840,840,0,10425
4681,427001,16903,10,10,0,16913
4682,427002,107373,8028,8028,0,115401
4683,427003,59111,616,616,0,59727
4684,427004,482256,10089,10089,0,492345
4685,427005,33255,910,910,0,34165
4686,427006,25921,1119,1119,0,27040
4687,427007,65865,923,923,0,66788
4688,427008,61035,4848,4848,0,65883
4689,427009,5998,0,0,0,5998
4690,427010,32781,0,0,0,32781
4691,427011,68848,86,86,0,68934
4692,427012,28822,439,439,0,29261
4693,427013,46092,172,172,0,46264
4694,427014,23104,574,574,0,23678
4695,428001,120834,13519,13519,0,134353
4696,428002,48356,7636,7636,0,55992
4697,428003,46397,3437,3437,0,49834
4698,428004,48176,2687,2687,0,50863
4699,428005,169589,21533,21533,0,191122
4700,428006,181780,23463,23463,0,205243
4701,428007,58136,8315,8315,0,66451
4702,428008,32099,6639,6639,0,38738
4703,428009,24587,3032,3032,0,27619
4704,428010,100909,20829,20829,0,121738
4705,428011,51477,1172,1172,0,52649
4706,428012,94438,7729,7729,0,102167
4707,428013,250240,21138,21138,0,271378
4708,428014,16777,2429,2429,0,19206
4709,428015,110013,12740,12740,0,122753
4710,428016,10575,1135,1135,0,11710
4711,428017,154181,21267,21267,0,175448
4712,428018,254968,55012,55012,0,309980
4713,428019,19937,12206,12206,0,32143
4714,428020,39247,8313,8313,0,47560
4715,428021,25531,311,311,0,25842
4716,428022,40549,13018,13018,0,53567
4717,428023,90372,11787,11787,0,102159
4718,428024,38849,26467,26467,0,65316
4719,428025,313494,86057,86057,0,399551
4720,428026,30032,2244,2244,0,32276
4721,428027,71210,10113,10113,0,81323
4722,428028,14193,3802,3802,0,17995
4723,428029,9273,1860,1860,0,11133
4724,428030,176362,38231,38231,0,214593
4725,428031,18566,1858,1858,0,20424
4726,428032,25512,2214,2214,0,27726
4727,428033,53633,5283,5283,0,58916
4728,428034,164219,16820,16820,0,181039
4729,428035,21203,6821,6821,0,28024
4730,428036,73948,7797,7797,0,81745
4731,428037,14933,3024,3024,0,17957
4732,428038,8442,826,826,0,9268
4733,428039,26608,1300,1300,0,27908
4734,428040,48799,19989,19989,0,68788
4735,428041,102050,9342,9342,0,111392
4736,428042,24550,1041,1041,0,25591
4737,428043,75569,5046,5046,0,80615
4738,428044,58999,3050,3050,0,62049
4739,428045,104749,6219,6219,0,110968
4740,428046,100429,15511,15511,0,115940
4741,428047,162077,14817,14817,0,176894
4742,428048,145355,26475,26475,0,171830
4743,428049,9903,2301,2301,0,12204
4744,428050,46225,3603,3603,0,49828
4745,428051,18595,1134,1134,0,19729
4746,428052,21932,667,667,0,22599
4747,428053,121075,4202,4202,0,125277
4748,428054,7953,81,81,0,8034
4749,428055,10416,406,406,0,10822
4750,428056,131219,15524,15524,0,146743
4751,428057,23431,1365,1365,0,24796
4752,429001,131764,21641,21641,0,153405
4753,429002,13258,563,563,0,13821
4754,429003,41008,7313,7313,0,48321
4755,429004,17761,18966,18966,0,36727
4756,429005,43116,13120,13120,0,56236
4757,429006,6239,31621,31621,0,37860
4758,429007,59754,41110,41110,0,100864
4759,429008,2660,9594,9594,0,12254
4760,429009,35319,5198,5198,0,40517
4761,429010,112555,50710,50710,0,163265
4762,429011,22732,4942,4942,0,27674
4763,430001,89195,7225,7225,0,96420
4764,430002,245923,17574,17574,0,263497
4765,430003,52110,3053,3053,0,55163
4766,430004,53196,30542,30542,0,83738
4767,430005,12513,5827,5827,0,18340
4768,430006,388091,41193,41193,0,429284
4769,430007,67187,2314,2314,0,69501
4770,430008,673383,90558,90558,0,763941
4771,430009,50784,3579,3579,0,54363
4772,431001,183645,7916,7916,0,191561
4773,431002,7707,297,297,0,8004
4774,431003,71198,8297,8297,0,79495
4775,431004,228320,13113,13113,0,241433
4776,431005,3232,0,0,0,3232
4777,431006,140051,15601,15601,0,155652
4778,432001,16906,1373,1373,0,18279
4779,432002,171728,23739,23739,0,195467
4780,432003,78045,16824,16824,0,94869
4781,432004,676024,35682,35682,0,711706
4782,432005,929183,79191,79191,0,1008374
4783,432006,35236,2540,2540,0,37776
4784,432007,35433,5347,5347,0,40780
4785,432008,397914,24677,24677,0,422591
4786,432009,254850,33707,33707,0,288557
4787,432010,566750,29026,29026,0,595776
4788,432011,112467,5473,5473,0,117940
4789,432012,17600,1246,1246,0,18846
4790,432013,72822,16504,16504,0,89326
4791,432014,30226,13053,13053,0,43279
4792,432015,19834,5843,5843,0,25677
4793,432016,21527,6315,6315,0,27842
4794,432017,81392,29749,29749,0,111141
4795,432018,73647,30850,30850,0,104497
4796,432019,81323,13869,13869,0,95192
4797,432020,11786,8835,8835,0,20621
4798,432021,16432,25892,25892,0,42324
4799,432022,127610,16471,16471,0,144081
4800,432023,23015,2490,2490,0,25505
4801,432024,65623,6520,6520,0,72143
4802,432025,85062,14370,14370,0,99432
4803,432026,21521,1816,1816,0,23337
4804,432027,10510,9770,9770,0,20280
4805,433001,338051,18806,18806,0,356857
4806,433002,478658,32460,32460,0,511118
4807,433003,44524,6131,6131,0,50655
4808,433004,142189,37467,37467,0,179656
4809,433005,141824,9857,9857,0,151681
4810,433006,44667,2177,2177,0,46844
4811,433007,88716,9181,9181,0,97897
4812,433008,113503,10130,10130,0,123633
4813,433009,77381,2480,2480,0,79861
4814,433010,12718,10336,10336,0,23054
4815,433011,583780,13671,13671,0,597451
4816,433012,8722,321,321,0,9043
4817,433013,54755,1378,1378,0,56133
4818,433014,7097,695,695,0,7792
4819,433015,57999,2966,2966,0,60965
4820,433016,84011,3558,3558,0,87569
4821,433017,102732,9148,9148,0,111880
4822,433018,18095,360,360,0,18455
4823,433019,191240,6810,6810,0,198050
4824,433020,464177,19810,19810,0,483987
4825,433021,67945,2293,2293,0,70238
4826,434001,1017351,52783,52783,0,1070134
4827,434002,320052,19055,19055,0,339107
4828,434003,258017,17371,17371,0,275388
4829,434004,227756,42128,42128,0,269884
4830,434005,889176,30868,30868,0,920044
4831,434006,9575,991,991,0,10566
4832,434007,6588,127,127,0,6715
4833,434008,175093,5407,5407,0,180500
4834,434009,213113,900146,900146,0,1113259
4835,435001,91258,10054,10054,0,101312
4836,435002,52606,1889,1889,0,54495
4837,435003,741481,24694,24694,0,766175
4838,435004,46543,374,374,0,46917
4839,435005,98932,7900,7900,0,106832
4840,436001,11374,887,887,0,12261
4841,436002,5823,0,0,0,5823
4842,436003,2846,0,0,0,2846
4843,436004,5905,0,0,0,5905
4844,436005,2806,0,0,0,2806
4845,436006,2671,0,0,0,2671
4846,436007,5844,73,73,0,5917
4847,436008,3153,0,0,0,3153
4848,436009,2446,0,0,0,2446
4849,436010,4713,69,69,0,4782
4850,436011,1158961,137484,137484,0,1296445
4851,437001,632985,34448,34448,0,667433
4852,437002,13334,177,177,0,13511
4853,437003,19995,768,768,0,20763
4854,437004,641384,7413,7413,0,648797
4855,437005,8651,3151,3151,0,11802
4856,437006,28164,2308,2308,0,30472
4857,437007,102960,4852,4852,0,107812
4858,437008,29347,17105,17105,0,46452
4859,437009,12038,240,240,0,12278
4860,437010,11961,4331,4331,0,16292
4861,437011,518186,58439,58439,0,576625
4862,438001,1961,525,525,0,2486
4863,438002,2277,41702,41702,0,43979
4864,438003,3695,441,441,0,4136
4865,438004,1592,0,0,0,1592
4866,438005,10645,8862,8862,0,19507
4867,438006,10212,4539,4539,0,14751
4868,438007,2145,44129,44129,0,46274
4869,438008,2118,0,0,0,2118
4870,438009,317479,7210,7210,0,324689
4871,438010,553706,55715,55715,0,609421
4872,438011,87905,15792,15792,0,103697
4873,438012,61236,178842,178842,0,240078
4874,438013,361240,14971,14971,0,376211
4875,438014,14369,8715,8715,0,23084
4876,438015,75157,9711,9711,0,84868
4877,438016,64563,1178,1178,0,65741
4878,438017,5590,52377,52377,0,57967
4879,438018,3178,0,0,0,3178
4880,438019,3262,6110,6110,0,9372
4881,438020,7710,100229,100229,0,107939
4882,438021,87177,3022,3022,0,90199
4883,439001,54469,3161,3161,0,57630
4884,439002,60786,1430,1430,0,62216
4885,439003,73352,1982,1982,0,75334
4886,439004,148999,2686,2686,0,151685
4887,439005,89058,3384,3384,0,92442
4888,439006,57317,2325,2325,0,59642
4889,439007,113047,2030,2030,0,115077
4890,439008,79066,6325,6325,0,85391
4891,439009,88198,1188,1188,0,89386
4892,439010,63399,360,360,0,63759
4893,439011,37805,505,505,0,38310
4894,439012,40977,4170,4170,0,45147
4895,439013,109709,1820,1820,0,111529
4896,439014,2854,115,115,0,2969
4897,440001,159568,9937,9937,0,169505
4898,440002,92847,1581,1581,0,94428
4899,440003,20440,15251,15251,0,35691
4900,440004,250919,11873,11873,0,262792
4901,440005,693,3116,3116,0,3809
4902,440006,60561,2307,2307,0,62868
4903,440007,876,7713,7713,0,8589
4904,440008,5009,5841,5841,0,10850
4905,440009,5385,4123,4123,0,9508
4906,440010,187565,32362,32362,0,219927
4907,440011,328550,15549,15549,0,344099
4908,441001,59050,6912,6912,0,65962
4909,441002,8098,1453,1453,0,9551
4910,441003,87016,28573,28573,0,115589
4911,441004,65561,7591,7591,0,73152
4912,441005,2108,0,0,0,2108
4913,441006,4098,0,0,0,4098
4914,441007,32019,0,0,0,32019
4915,441008,4233,0,0,0,4233
4916,441009,8739,0,0,0,8739
4917,441010,2982,0,0,0,2982
4918,441011,2107,0,0,0,2107
4919,441012,30609,280,280,0,30889
4920,441013,2436,0,0,0,2436
4921,441014,11107,3,3,0,11110
4922,441015,31599,3313,3313,0,34912
4923,441016,3483,47,47,0,3530
4924,441017,5910,0,0,0,5910
4925,441018,7215,0,0,0,7215
4926,441019,12006,6977,6977,0,18983
4927,441020,4164,0,0,0,4164
4928,441021,3131,0,0,0,3131
4929,441022,10454,568,568,0,11022
4930,441023,5575,1,1,0,5576
4931,441024,6219,0,0,0,6219
4932,441025,6883,10571,10571,0,17454
4933,441026,9194,3842,3842,0,13036
4934,441027,13904,573,573,0,14477
4935,441028,5502,1461,1461,0,6963
4936,441029,46204,4589,4589,0,50793
4937,441030,5074,1295,1295,0,6369
4938,441031,2477,294,294,0,2771
4939,441032,59427,1879,1879,0,61306
4940,441033,31275,35469,35469,0,66744
4941,441034,41083,5037,5037,0,46120
4942,441035,1312,0,0,0,1312
4943,441036,2259,0,0,0,2259
4944,441037,24985,23691,23691,0,48676
4945,441038,2272,0,0,0,2272
4946,441039,6735,0,0,0,6735
4947,441040,3876,0,0,0,3876
4948,441041,27121,60,60,0,27181
4949,441042,14662,1652,1652,0,16314
4950,441043,6044,0,0,0,6044
4951,442001,390862,178806,1479,177327,569668
4952,442002,107858,349674,0,349674,457532
4953,442003,70027,490043,206735,283308,560070
4954,442004,218255,5209,1427,3782,223464
4955,443001,92199,5073,5073,0,97272
4956,443002,74756,106375,288,106087,181131
4957,443003,193328,11446,5343,6103,204774
4958,443004,49776,120707,1157,119550,170483
4959,443005,17941,104569,1367,103202,122510
4960,444001,196542,2284,2284,0,198826
4961,444002,250964,15642,15642,0,266606
4962,444003,675929,36669,35036,1633,712598
4963,444004,319227,43972,43972,0,363199
4964,445001,120495,7963,7963,0,128458
4965,445002,619098,17738,17738,0,636836
4966,445003,220521,8580,8580,0,229101
4967,445004,683029,35333,35333,0,718362
4968,445005,760432,18346,18346,0,778778
4969,445006,734439,36640,36640,0,771079
4970,445007,161970,7807,7807,0,169777
4971,446001,128239,2184,2184,0,130423
4972,446002,211848,4612,3500,1112,216460
4973,446003,86498,276720,3027,273693,363218
4974,446004,194019,526093,19443,506650,720112
4975,446005,25535,4792,329,4463,30327
4976,446006,318357,49515,48930,585,367872
4977,446007,38404,240986,443,240543,279390
4978,446008,88668,1034585,6410,1028175,1123253
4979,446009,11632,5609,5609,0,17241
4980,446010,138785,86815,13577,73238,225600
4981,446011,56251,2036,2036,0,58287
4982,446012,81447,45451,493,44958,126898
4983,446013,22019,300897,751,300146,322916
4984,447001,674763,35709,35709,0,710472
4985,447002,576709,27624,27624,0,604333
4986,447003,1145972,536325,536325,0,1682297
4987,447004,283688,498774,30724,468050,782462
4988,447005,138755,386013,330574,55439,524768
4989,447006,22394,59488,0,59488,81882
4990,448001,158836,14728,4818,9910,173564
4991,448002,46832,3498,593,2905,50330
4992,448003,13896,7778,459,7319,21674
4993,448004,12904,1568,622,946,14472
4994,448005,304752,42856,16458,26398,347608
4995,448006,149208,2243,2243,0,151451
4996,448007,64502,7389,7311,78,71891
4997,448008,48164,198,198,0,48362
4998,448009,193172,2779,2779,0,195951
4999,448010,37723,794,794,0,38517
5000,448011,228729,2039,2039,0,230768
5001,448012,55780,4339,4339,0,60119
5002,448013,119468,2415,2415,0,121883
5003,449001,304281,20700,14674,6026,324981
5004,449002,80466,20808,5020,15788,101274
5005,449003,65471,4517,2475,2042,69988
5006,450001,32929,10035,605,9430,42964
5007,450002,17284,4373,0,4373,21657
5008,451001,107435,1959,1560,399,109394
5009,451002,21082,11694,148,11546,32776
5010,451003,28188,13277,113,13164,41465
5011,451004,24919,5367,0,5367,30286
5012,451005,56579,39828,27758,12070,96407
5013,451006,38041,17820,11718,6102,55861
5014,451007,5076,3849,61,3788,8925
5015,451008,33420,15512,923,14589,48932
5016,451009,39055,1194,1194,0,40249
5017,452001,126905,34241,30672,3569,161146
5018,452002,40002,69528,69528,0,109530
5019,452003,18416,64391,64391,0,82807
5020,452004,103020,9903,9903,0,112923
5021,452005,76424,54508,54508,0,130932
5022,452006,143122,1571,1571,0,144693
5023,452007,69641,5354,5354,0,74995
5024,452008,29741,0,0,0,29741
5025,452009,48736,24949,24949,0,73685
5026,452010,150111,8368,8368,0,158479
5027,452011,58300,593,593,0,58893
5028,452012,65600,556,556,0,66156
5029,452013,87821,2489,2489,0,90310
5030,452014,51894,1930,1930,0,53824
5031,452015,22265,2666,2666,0,24931
5032,452016,10768,4044,4044,0,14812
5033,452017,135844,7700,7700,0,143544
5034,452018,106303,4130,4130,0,110433
5035,452019,40358,5362,5362,0,45720
5036,453001,6697,309702,0,309702,316399
5037,453002,35042,206864,1282,205582,241906
5038,453003,11043,72451,346,72105,83494
5039,453004,19743,7656,207,7449,27399
5040,453005,158982,135311,12645,122666,294293
5041,454001,30221,14464,1257,13207,44685
5042,455001,139779,31879,5336,26543,171658
5043,455002,41418,8792,1932,6860,50210
5044,455003,258,193,0,193,451
5045,455004,155,281,0,281,436
5046,455005,255,330,0,330,585
5047,455006,97728,46996,9499,37497,144724
5048,455007,1564,1351,0,1351,2915
5049,455008,205,459,0,459,664
5050,455009,59645,130046,6638,123408,189691
5051,455010,17366,1578,825,753,18944
5052,455011,3913,382,96,286,4295
5053,455012,5535,4344,0,4344,9879
5054,455013,4167,10902,400,10502,15069
5055,455014,11136,24998,739,24259,36134
5056,455015,4930,6127,0,6127,11057
5057,456001,53739,446496,1206,445290,500235
5058,456002,4583,2334,0,2334,6917
5059,456003,9064,6141,0,6141,15205
5060,456004,171040,161801,1313,160488,332841
5061,456005,15591,38402,0,38402,53993
5062,456006,44190,0,0,0,44190
5063,456007,19328,0,0,0,19328
5064,456008,10603,268,0,268,10871
5065,456009,9288,0,0,0,9288
5066,456010,26370,0,0,0,26370
5067,457001,409904,11469,11126,343,421373
5068,457002,24461,0,0,0,24461
5069,457003,40790,763,763,0,41553
5070,457004,9225,155,155,0,9380
5071,457005,5214,0,0,0,5214
5072,457006,57573,1124,1124,0,58697
5073,457007,70438,1955,1955,0,72393
5074,457008,5707,820,334,486,6527
5075,458001,15527,2297,652,1645,17824
5076,458002,16893,1741,1741,0,18634
5077,458003,53994,15045,15045,0,69039
5078,458004,711,1635,1635,0,2346
5079,458005,20934,9020,9020,0,29954
5080,458006,12736,2892,2892,0,15628
5081,458007,23886,9927,349,9578,33813
5082,458008,17846,6272,6272,0,24118
5083,458009,19549,5,5,0,19554
5084,458010,13326,1823,1823,0,15149
5085,458011,39398,2029,2029,0,41427
5086,458012,906,46,46,0,952
5087,458013,252336,19488,8595,10893,271824
5088,458014,4910,2175,0,2175,7085
5089,458015,15352,0,0,0,15352
5090,458016,8552,0,0,0,8552
5091,458017,3792,7403,133,7270,11195
5092,458018,6754,0,0,0,6754
5093,459001,74224,104572,1563,103009,178796
5094,459002,7709,173364,0,173364,181073
5095,459003,15233,2898,841,2057,18131
5096,459004,15111,0,0,0,15111
5097,459005,6683,8179,150,8029,14862
5098,459006,4125,0,0,0,4125
5099,459007,16850,11121,0,11121,27971
5100,459008,14577,0,0,0,14577
5101,460001,4578,19804,0,19804,24382
5102,460002,9079,11642,0,11642,20721
5103,460003,5671,90884,0,90884,96555
5104,460004,2991,14227,0,14227,17218
5105,461001,2850,0,0,0,2850
5106,461002,11113,22524,0,22524,33637
5107,461003,2147,1220,0,1220,3367
5108,461004,6958,0,0,0,6958
5109,461005,5661,0,0,0,5661
5110,461006,4025,0,0,0,4025
5111,461007,6585,10191,0,10191,16776
5112,461008,13653,142,0,142,13795
5113,461009,11509,2220,0,2220,13729
5114,461010,4036,374,0,374,4410
5115,461011,2779,0,0,0,2779
5116,461012,26824,12393,502,11891,39217
5117,461013,2368,178,55,123,2546
5118,461014,21576,39147,0,39147,60723
5119,461015,10780,0,0,0,10780
5120,461016,5306,0,0,0,5306
5121,462001,15253,192879,0,192879,208132
5122,463001,4195,0,0,0,4195
5123,463002,5622,0,0,0,5622
5124,463003,4224,497,0,497,4721
5125,463004,11933,0,0,0,11933
5126,463005,14839,0,0,0,14839
5127,463006,24133,0,0,0,24133
5128,463007,7231,0,0,0,7231
5129,463008,9015,40114,0,40114,49129
5130,463009,8103,0,0,0,8103
5131,463010,20382,61218,0,61218,81600
5132,463011,10948,316,316,0,11264
5133,463012,3386,0,0,0,3386
5134,463013,7989,3095,0,3095,11084
5135,463014,6393,0,0,0,6393
5136,463015,4294,27153,0,27153,31447
5137,464001,3920,0,0,0,3920
5138,464002,273498,11017,11017,0,284515
5139,464003,26785,799,799,0,27584
5140,464004,60612,2177,2177,0,62789
5141,464005,1245,0,0,0,1245
5142,464006,23069,0,0,0,23069
5143,464007,14005,1277,1277,0,15282
5144,464008,15182,460,460,0,15642
5145,464009,16912,136,136,0,17048
5146,464010,25892,4,4,0,25896
5147,464011,2338,0,0,0,2338
5148,464012,8708,0,0,0,8708
5149,464013,2170,0,0,0,2170
5150,464014,66299,0,0,0,66299
5151,464015,2548,0,0,0,2548
5152,464016,2410,0,0,0,2410
5153,464017,2872,3450,0,3450,6322
5154,464018,19460,339,339,0,19799
5155,464019,6998,0,0,0,6998
5156,464020,8534,0,0,0,8534
5157,464021,2137,173,173,0,2310
5158,464022,31697,111,111,0,31808
5159,464023,1205,0,0,0,1205
5160,464024,6604,75,75,0,6679
5161,465001,227694,7862,7862,0,235556
5162,465002,30935,493,493,0,31428
5163,465003,34041,85,85,0,34126
5164,465004,17027,255,255,0,17282
5165,466001,62007,5395,5395,0,67402
5166,466002,46505,11184,11184,0,57689
5167,466003,59908,14168,6195,7973,74076
5168,466004,18502,3207,2538,669,21709
5169,466005,52190,17155,2288,14867,69345
5170,466006,14891,2030,1911,119,16921
5171,466007,28604,24511,198,24313,53115
5172,466008,2182,2053,0,2053,4235
5173,466009,55468,2005,1730,275,57473
5174,466010,76176,5368,5368,0,81544
5175,466011,62282,5946,5946,0,68228
5176,466012,21174,1004,1004,0,22178
5177,466013,27608,2727,2727,0,30335
5178,466014,4424,3598,46,3552,8022
5179,466015,3055,4350,0,4350,7405
5180,466016,1902,476,476,0,2378
5181,466017,7697,1655,0,1655,9352
5182,466018,14834,401,401,0,15235
5183,466019,62511,6560,3103,3457,69071
5184,466020,4066,197,197,0,4263
5185,466021,1625,545,381,164,2170
5186,466022,11524,792,0,792,12316
5187,466023,43046,5318,5075,243,48364
5188,466024,2311,2585,2585,0,4896
5189,466025,37136,3104,3104,0,40240
5190,466026,81877,7712,7054,658,89589
5191,466027,23339,1462,1462,0,24801
5192,466028,47546,5831,149,5682,53377
5193,466029,6069,3363,0,3363,9432
5194,466030,153395,15795,15795,0,169190
5195,466031,12478,2298,709,1589,14776
5196,466032,14721,2071,2071,0,16792
5197,466033,25529,2187,2187,0,27716
5198,466034,5562,2335,33,2302,7897
5199,466035,3847,621,621,0,4468
5200,466036,42816,1312,1312,0,44128
5201,466037,16466,40,40,0,16506
5202,466038,59162,6177,6177,0,65339
5203,466039,1775,68,68,0,1843
5204,466040,53266,414,414,0,53680
5205,466041,23821,492,492,0,24313
5206,466042,43924,3375,3375,0,47299
5207,466043,24464,727,727,0,25191
5208,466044,20987,959,959,0,21946
5209,466045,7839,1,1,0,7840
5210,466046,17365,261,261,0,17626
5211,466047,34732,540,540,0,35272
5212,466048,19223,1061,1061,0,20284
5213,466049,11039,0,0,0,11039
5214,466050,17381,855,855,0,18236
5215,466051,34866,558,558,0,35424
5216,466052,7571,666,666,0,8237
5217,466053,122489,2246,2246,0,124735
5218,466054,2671,1439,1439,0,4110
5219,466055,11434,302,302,0,11736
5220,466056,14721,1348,1348,0,16069
5221,466057,9279,7420,7420,0,16699
5222,466058,49424,980,980,0,50404
5223,466059,34372,1197,1197,0,35569
5224,466060,955,0,0,0,955
5225,466061,9462,4574,4574,0,14036
5226,466062,3767,0,0,0,3767
5227,466063,7105,320,320,0,7425
5228,466064,43237,411,411,0,43648
5229,467001,92903,3175,3175,0,96078
5230,467002,6427,286,286,0,6713
5231,467003,32446,601,601,0,33047
5232,467004,9278,8778,8778,0,18056
5233,467005,68184,5883,5883,0,74067
5234,467006,35924,1252,1252,0,37176
5235,467007,18707,5892,5892,0,24599
5236,467008,55287,6094,6094,0,61381
5237,467009,8546,816,816,0,9362
5238,467010,71242,17105,17105,0,88347
5239,468001,11738,2202,869,1333,13940
5240,468002,4130,908,0,908,5038
5241,468003,2901,67,0,67,2968
5242,468004,27100,3240,2625,615,30340
5243,468005,13303,1406,155,1251,14709
5244,468006,24137,11243,1564,9679,35380
5245,468007,1958,142,0,142,2100
5246,468008,6127,1165,1165,0,7292
5247,468009,9025,1525,1525,0,10550
5248,468010,29668,4038,952,3086,33706
5249,468011,38296,2567,2567,0,40863
5250,468012,804,790,790,0,1594
5251,468013,14796,2564,2564,0,17360
5252,468014,2285,0,0,0,2285
5253,468015,18822,1649,659,990,20471
5254,468016,1149,300,300,0,1449
5255,468017,5257,1369,135,1234,6626
5256,468018,2356,90,90,0,2446
5257,468019,7967,811,811,0,8778
5258,468020,14787,922,922,0,15709
5259,468021,3570,1165,1165,0,4735
5260,468022,2282,21,21,0,2303
5261,468023,1489,120,120,0,1609
5262,468024,12989,1120,567,553,14109
5263,468025,19526,625,625,0,20151
5264,468026,1770,119,0,119,1889
5265,468027,4491,3035,0,3035,7526
5266,468028,9840,318,318,0,10158
5267,468029,2529,0,0,0,2529
5268,468030,2269,44,0,44,2313
5269,468031,21822,893,893,0,22715
5270,468032,30576,5265,0,5265,35841
5271,468033,6124,42,42,0,6166
5272,468034,5190,1795,0,1795,6985
5273,468035,18788,2067,2067,0,20855
5274,468036,8686,517,517,0,9203
5275,468037,28904,2279,2279,0,31183
5276,468038,7522,2596,0,2596,10118
5277,468039,4445,0,0,0,4445
5278,469001,57847,4390,4389,1,62237
5279,469002,7602,1456,1456,0,9058
5280,469003,16449,321,321,0,16770
5281,469004,12173,68,68,0,12241
5282,470001,20815,213075,448,212627,233890
5283,470002,48385,1140699,769,1139930,1189084
5284,470003,53146,86989,6378,80611,140135
5285,470004,11855,157939,1234,156705,169794
5286,470005,20914,236924,824,236100,257838
5287,470006,13990,11334,0,11334,25324
5288,470007,8709,51368,0,51368,60077
5289,470008,10890,7014,0,7014,17904
5290,470009,2230,1536,0,1536,3766
5291,470010,1788,1054,0,1054,2842
5292,470011,10010,7228,0,7228,17238
5293,470012,20322,17981,162,17819,38303
5294,470013,684,936,0,936,1620
5295,470014,10054,6410,570,5840,16464
5296,470015,3822,2160,0,2160,5982
5297,470016,27474,90586,2416,88170,118060
5298,470017,18641,10030,978,9052,28671
5299,470018,298,1177,0,1177,1475
5300,470019,39848,15818,35,15783,55666
5301,470020,4016,3875,0,3875,7891
5302,470021,4220,3213,0,3213,7433
5303,470022,14035,3768,0,3768,17803
5304,470023,4491,1560,0,1560,6051
5305,470024,1018,692,0,692,1710
5306,470025,9168,18234,220,18014,27402
5307,470026,2298,1023,0,1023,3321
5308,470027,1107,693,0,693,1800
5309,470028,77560,38751,1224,37527,116311
5310,470029,11796,23370,508,22862,35166
5311,470030,1606,577,0,577,2183
5312,470031,25746,19229,71,19158,44975
5313,470032,15579,10780,295,10485,26359
5314,470033,3384,1371,0,1371,4755
5315,470034,15424,15133,0,15133,30557
5316,470035,2113,1458,0,1458,3571
5317,470036,3351,1100,0,1100,4451
5318,470037,2196,971,0,971,3167
5319,470038,20115,22191,0,22191,42306
5320,470039,13733,1679,14,1665,15412
5321,471001,52236,214359,714,213645,266595
5322,471002,10327,174722,0,174722,185049
5323,471003,10554,86570,151,86419,97124
5324,471004,9102,983,525,458,10085
5325,471005,7658,87439,0,87439,95097
5326,471006,451,1789,0,1789,2240
5327,471007,26831,37643,964,36679,64474
5328,471008,29730,68859,1724,67135,98589
5329,471009,17190,4084,1745,2339,21274
5330,471010,22772,654,581,73,23426
5331,471011,20384,26221,0,26221,46605
5332,471012,30448,26689,211,26478,57137
5333,471013,27356,52388,0,52388,79744
5334,471014,4800,3128,0,3128,7928
5335,471015,20002,5017,1112,3905,25019
5336,471016,1870,1141,0,1141,3011
5337,471017,1314,374,0,374,1688
5338,471018,7814,5815,0,5815,13629
5339,471019,16613,12443,559,11884,29056
5340,471020,8528,133,133,0,8661
5341,471021,43188,12115,2370,9745,55303
5342,472001,11255,116,116,0,11371
5343,472002,8876,1205,1205,0,10081
5344,472003,6601,275,275,0,6876
5345,472004,74946,3068,3068,0,78014
5346,472005,6917,1226,1226,0,8143
5347,472006,203570,8151,7365,786,211721
5348,472007,2409,0,0,0,2409
5349,472008,10402,2108,2108,0,12510
5350,472009,76843,8737,8737,0,85580
5351,472010,2735,555,555,0,3290
5352,472011,7692,577,577,0,8269
5353,472012,25690,4000,184,3816,29690
5354,472013,4734,464,464,0,5198
5355,472014,53313,4801,4801,0,58114
5356,472015,7975,1314,1314,0,9289
5357,472016,1710,701,0,701,2411
5358,472017,59232,2001,2001,0,61233
5359,472018,64526,3158,3158,0,67684
5360,472019,3788,12,12,0,3800
5361,472020,94976,13171,13171,0,108147
5362,472021,4343,0,0,0,4343
5363,472022,21101,292,292,0,21393
5364,472023,6483,2170,2170,0,8653
5365,472024,27155,4082,4082,0,31237
5366,472025,26341,6838,6838,0,33179
5367,472026,8244,429,429,0,8673
5368,472027,225209,48462,48415,47,273671
5369,472028,14968,528,528,0,15496
5370,472029,7214,1056,1056,0,8270
5371,472030,37939,4504,4504,0,42443
5372,472031,120179,6680,6680,0,126859
5373,472032,23016,4643,4643,0,27659
5374,473001,28978,1842,1842,0,30820
5375,473002,24845,3509,161,3348,28354
5376,473003,36192,9217,9217,0,45409
5377,474001,231633,413121,3925,409196,644754
5378,474002,3638,3463,0,3463,7101
5379,474003,1308,995,0,995,2303
5380,474004,12399,5168,0,5168,17567
5381,474005,824,873,0,873,1697
5382,474006,2253,1020,0,1020,3273
5383,474007,722,553,0,553,1275
5384,474008,198819,312122,3070,309052,510941
5385,474009,314087,511980,3072,508908,826067
5386,474010,71516,2901,2901,0,74417
5387,474011,897,719,0,719,1616
5388,474012,3785,1352,0,1352,5137
5389,474013,65009,20932,2756,18176,85941
5390,474014,9391,2529,0,2529,11920
5391,474015,7239,24655,58,24597,31894
5392,474016,45008,73229,646,72583,118237
5393,474017,6986,6396,0,6396,13382
5394,474018,12210,624,624,0,12834
5395,474019,35158,111774,97,111677,146932
5396,474020,2070,301,0,301,2371
5397,474021,2602,0,0,0,2602
5398,474022,1579,557,0,557,2136
5399,474023,22021,7308,363,6945,29329
5400,474024,4327,730,0,730,5057
5401,474025,2628,67724,0,67724,70352
5402,474026,38493,85181,0,85181,123674
5403,475001,61711,82716,2409,80307,144427
5404,475002,11844,86141,252,85889,97985
5405,475003,48179,4097,4097,0,52276
5406,475004,52965,51932,1355,50577,104897
5407,475005,21822,82092,560,81532,103914
5408,475006,1757,7250,0,7250,9007
5409,475007,7492,1409,100,1309,8901
5410,475008,48551,7374,1828,5546,55925
5411,475009,6797,190,190,0,6987
5412,475010,11313,722,722,0,12035
5413,475011,16341,772,772,0,17113
5414,475012,14031,3444,170,3274,17475
5415,475013,6016,1123,1123,0,7139
5416,475014,18960,51217,7,51210,70177
5417,475015,13216,250,8,242,13466
5418,475016,10763,827,827,0,11590
5419,475017,25096,1622,1622,0,26718
5420,475018,19916,563,563,0,20479
5421,475019,18661,3990,575,3415,22651
5422,475020,14518,245,245,0,14763
5423,475021,55701,65890,397,65493,121591
5424,475022,9961,171,97,74,10132
5425,475023,14767,8259,0,8259,23026
5426,475024,1412,873,0,873,2285
5427,475025,19044,188,0,188,19232
5428,476001,45785,2549,2549,0,48334
5429,477001,65227,372926,473,372453,438153
5430,477002,35818,19383,382,19001,55201
5431,477003,41161,504180,0,504180,545341
5432,477004,56064,195363,686,194677,251427
5433,478001,119533,356707,291624,65083,476240
5434,478002,12093,186389,0,186389,198482
5435,478003,88871,1050,71,979,89921
5436,478004,96996,120,120,0,97116
5437,478005,20594,954,50,904,21548
5438,478006,52496,254986,584,254402,307482
5439,478007,101152,54,54,0,101206
5440,478008,685146,163,163,0,685309
5441,478009,5909,0,0,0,5909
5442,478010,6330,0,0,0,6330
5443,478011,53341,58,58,0,53399
5444,478012,140765,568,568,0,141333
5445,478013,8005,9064,0,9064,17069
5446,478014,18853,0,0,0,18853
5447,478015,136031,7014,0,7014,143045
5448,478016,16881,0,0,0,16881
5449,478017,120871,0,0,0,120871
5450,478018,11472,0,0,0,11472
5451,479001,67168,245600,245600,0,312768
5452,479002,52633,0,0,0,52633
5453,479003,5379,0,0,0,5379
5454,479004,16574,29,29,0,16603
5455,479005,19951,627,627,0,20578
5456,479006,5430,34470,34470,0,39900
5457,479007,30148,247,247,0,30395
5458,479008,4334,0,0,0,4334
5459,479009,6943,22758,22758,0,29701
5460,479010,5007,0,0,0,5007
5461,479011,9238,85947,85947,0,95185
5462,479012,13923,60,60,0,13983
5463,479013,9090,1868,1868,0,10958
5464,479014,7516,80,80,0,7596
5465,479015,15499,122,122,0,15621
5466,479016,1680,0,0,0,1680
5467,479017,13998,288,288,0,14286
5468,479018,7685,51,51,0,7736
5469,479019,5344,0,0,0,5344
5470,479020,5572,474,474,0,6046
5471,479021,19881,28631,28631,0,48512
5472,479022,3657,161,161,0,3818
5473,479023,3639,0,0,0,3639
5474,479024,3570,0,0,0,3570
5475,479025,15407,29755,29755,0,45162
5476,479026,3844,69,69,0,3913
5477,479027,9668,633,633,0,10301
5478,479028,5276,0,0,0,5276
5479,479029,7811,0,0,0,7811
5480,479030,1323,1447,1447,0,2770
5481,479031,27016,290,290,0,27306
5482,479032,8012,8,8,0,8020
5483,479033,11629,22148,22148,0,33777
5484,479034,43634,670,670,0,44304
5485,479035,31821,0,0,0,31821
5486,479036,3935,0,0,0,3935
5487,479037,6626,0,0,0,6626
5488,479038,4707,0,0,0,4707
5489,479039,916,0,0,0,916
5490,479040,568292,16808,16808,0,585100
5491,480001,226417,91,91,0,226508
5492,480002,86364,221,221,0,86585
5493,480003,162814,259,259,0,163073
5494,480004,3719,0,0,0,3719
5495,480005,27701,0,0,0,27701
5496,480006,9141,0,0,0,9141
5497,480007,6762,0,0,0,6762
5498,480008,17550,0,0,0,17550
5499,480009,41298,163,163,0,41461
5500,480010,6021,0,0,0,6021
5501,480011,49066,47,47,0,49113
5502,480012,7304,0,0,0,7304
5503,481001,139084,809,809,0,139893
5504,481002,206100,4004,4004,0,210104
5505,481003,54647,74,74,0,54721
5506,481004,13804,0,0,0,13804
5507,481005,21002,0,0,0,21002
5508,481006,3890,0,0,0,3890
5509,481007,12867,0,0,0,12867
5510,481008,57336,140,140,0,57476
5511,481009,54661,0,0,0,54661
5512,481010,24144,0,0,0,24144
5513,481011,741,15,15,0,756
5514,481012,15728,179,179,0,15907
5515,481013,3575,10,10,0,3585
5516,482001,287442,1318,1318,0,288760
5517,482002,9910,0,0,0,9910
5518,482003,2092,0,0,0,2092
5519,482004,139817,340,340,0,140157
5520,482005,14166,93,93,0,14259
5521,482006,7414,22,22,0,7436
5522,482007,9450,64,64,0,9514
5523,482008,83840,23,23,0,83863
5524,482009,24527,0,0,0,24527
5525,482010,7346,0,0,0,7346
5526,482011,8957,0,0,0,8957
5527,482012,6701,0,0,0,6701
5528,482013,1770,0,0,0,1770
5529,482014,94501,397,397,0,94898
5530,482015,12399,5,5,0,12404
5531,482016,768,0,0,0,768
5532,482017,6897,0,0,0,6897
5533,482018,3146,0,0,0,3146
5534,482019,271154,1345,1345,0,272499
5535,482020,92189,2366,2366,0,94555
5536,482021,37257,2232,2232,0,39489
5537,482022,4992,0,0,0,4992
5538,482023,57940,57,57,0,57997
5539,482024,29172,174,174,0,29346
5540,482025,25361,0,0,0,25361
5541,482026,2830,106,106,0,2936
5542,482027,9407,0,0,0,9407
5543,482028,98420,1509,1509,0,99929
5544,482029,155475,1194,1194,0,156669
5545,482030,23664,0,0,0,23664
5546,482031,12985,34,34,0,13019
5547,482032,28946,673,673,0,29619
5548,482033,42353,784,784,0,43137
5549,482034,17215,1453,1453,0,18668
5550,483001,59077,2893,2893,0,61970
5551,483002,2253,989,989,0,3242
5552,483003,10696,1622,1622,0,12318
5553,483004,23129,1145,1145,0,24274
5554,483005,7567,453,453,0,8020
5555,483006,5960,0,0,0,5960
5556,483007,3917,0,0,0,3917
5557,483008,25724,0,0,0,25724
5558,483009,47294,1,1,0,47295
5559,483010,15899,0,0,0,15899
5560,483011,2753,0,0,0,2753
5561,483012,125506,578,578,0,126084
5562,483013,9958,28,28,0,9986
5563,483014,8033,0,0,0,8033
5564,483015,8056,0,0,0,8056
5565,483016,32020,2022,2022,0,34042
5566,483017,3241,0,0,0,3241
5567,483018,43309,5288,5288,0,48597
5568,483019,15131,1498,1498,0,16629
5569,483020,27955,175,175,0,28130
5570,483021,1940,141,141,0,2081
5571,483022,5656,0,0,0,5656
5572,483023,5282,0,0,0,5282
5573,483024,7981,1322,1322,0,9303
5574,483025,4021,0,0,0,4021
5575,483026,6983,0,0,0,6983
5576,483027,2282,0,0,0,2282
5577,483028,1680,0,0,0,1680
5578,483029,1074,0,0,0,1074
5579,483030,44385,40,40,0,44425
5580,483031,60853,219,219,0,61072
5581,483032,68239,0,0,0,68239
5582,483033,6888,0,0,0,6888
5583,483034,101589,171,171,0,101760
5584,483035,14721,0,0,0,14721
5585,483036,52516,1730,1730,0,54246
5586,483037,8762,143,143,0,8905
5587,484001,76479,53180,0,53180,129659
5588,484002,30100,70144,64,70080,100244
5589,484003,59735,4943,62,4881,64678
5590,484004,14767,4035,0,4035,18802
5591,484005,19575,0,0,0,19575
5592,484006,2394,238,187,51,2632
5593,484007,1543,378,378,0,1921
5594,484008,2044,0,0,0,2044
5595,484009,17289,0,0,0,17289
5596,484010,1688,0,0,0,1688
5597,484011,19503,285,285,0,19788
5598,484012,15229,0,0,0,15229
5599,484013,9546,40,40,0,9586
5600,484014,19083,0,0,0,19083
5601,484015,13164,0,0,0,13164
5602,484016,32966,0,0,0,32966
5603,484017,1430,0,0,0,1430
5604,484018,1984,0,0,0,1984
5605,484019,2157,0,0,0,2157
5606,484020,6359,0,0,0,6359
5607,485001,35858,83987,0,83987,119845
5608,485002,1459,3683,0,3683,5142
5609,485003,3192,2473,146,2327,5665
5610,485004,2934,0,0,0,2934
5611,485005,17694,0,0,0,17694
5612,485006,12946,0,0,0,12946
5613,485007,20329,0,0,0,20329
5614,485008,11701,0,0,0,11701
5615,485009,14978,0,0,0,14978
5616,485010,27783,0,0,0,27783
5617,485011,14648,0,0,0,14648
5618,485012,2054,0,0,0,2054
5619,485013,14021,60,60,0,14081
5620,485014,14101,0,0,0,14101
5621,485015,15639,0,0,0,15639
5622,485016,32558,95,95,0,32653
5623,485017,11424,0,0,0,11424
5624,485018,6979,31,31,0,7010
5625,485019,9160,0,0,0,9160
5626,486001,5396,0,0,0,5396
5627,486002,12390,0,0,0,12390
5628,486003,4346,0,0,0,4346
5629,486004,28239,0,0,0,28239
5630,486005,11357,0,0,0,11357
5631,486006,24600,0,0,0,24600
5632,486007,8305,0,0,0,8305
5633,486008,7396,0,0,0,7396
5634,486009,36554,0,0,0,36554
5635,486010,11086,0,0,0,11086
5636,486011,13875,0,0,0,13875
5637,486012,5465,0,0,0,5465
5638,486013,27964,0,0,0,27964
5639,486014,14373,0,0,0,14373
5640,486015,25233,0,0,0,25233
5641,486016,4473,0,0,0,4473
5642,486017,16692,770,770,0,17462
5643,486018,19441,1030,1030,0,20471
5644,486019,9913,0,0,0,9913
5645,486020,6563,0,0,0,6563
5646,486021,14483,0,0,0,14483
5647,486022,13946,0,0,0,13946
5648,486023,30597,0,0,0,30597
5649,486024,44897,0,0,0,44897
5650,486025,7073,0,0,0,7073
5651,486026,7694,0,0,0,7694
5652,486027,3646,0,0,0,3646
5653,486028,9658,0,0,0,9658
5654,486029,6769,0,0,0,6769
5655,486030,7050,0,0,0,7050
5656,487001,18797,0,0,0,18797
5657,487002,4261,0,0,0,4261
5658,487003,3426,0,0,0,3426
5659,487004,14279,0,0,0,14279
5660,487005,42670,0,0,0,42670
5661,487006,8629,0,0,0,8629
5662,487007,75820,2729,2729,0,78549
5663,487008,26498,0,0,0,26498
5664,487009,6885,575,575,0,7460
5665,487010,11541,0,0,0,11541
5666,487011,22659,169,169,0,22828
5667,487012,4764,52,52,0,4816
5668,487013,15804,87,87,0,15891
5669,487014,17860,0,0,0,17860
5670,487015,11677,0,0,0,11677
5671,487016,42167,1228,1228,0,43395
5672,487017,18919,1159,1159,0,20078
5673,487018,4620,34,34,0,4654
5674,487019,5734,72,72,0,5806
5675,487020,8504,0,0,0,8504
5676,487021,2011,8,8,0,2019
5677,487022,24060,0,0,0,24060
5678,487023,3533,102,102,0,3635
5679,488001,44969,124,124,0,45093
5680,488002,4724,0,0,0,4724
5681,488003,34026,0,0,0,34026
5682,488004,55651,0,0,0,55651
5683,488005,26484,544,544,0,27028
5684,488006,5477,0,0,0,5477
5685,488007,68553,272,272,0,68825
5686,488008,9171,0,0,0,9171
5687,488009,2606,0,0,0,2606
5688,488010,15856,0,0,0,15856
5689,488011,7124,0,0,0,7124
5690,488012,3598,0,0,0,3598
5691,488013,37424,0,0,0,37424
5692,488014,12826,0,0,0,12826
5693,488015,23306,0,0,0,23306
5694,488016,13389,0,0,0,13389
5695,488017,33885,30,30,0,33915
5696,488018,1478,0,0,0,1478
5697,489001,10719,0,0,0,10719
5698,489002,2285,0,0,0,2285
5699,489003,24309,667,667,0,24976
5700,489004,1723,0,0,0,1723
5701,489005,8980,0,0,0,8980
5702,489006,3544,0,0,0,3544
5703,489007,81532,987,987,0,82519
5704,489008,13910,0,0,0,13910
5705,489009,17493,96,96,0,17589
5706,489010,5156,0,0,0,5156
5707,489011,9554,0,0,0,9554
5708,489012,7455,0,0,0,7455
5709,489013,6358,0,0,0,6358
5710,489014,49004,0,0,0,49004
5711,489015,16471,209,209,0,16680
5712,489016,2812,0,0,0,2812
5713,489017,11921,0,0,0,11921
5714,489018,18117,0,0,0,18117
5715,489019,20758,0,0,0,20758
5716,489020,34609,46,46,0,34655
5717,489021,3608,0,0,0,3608
5718,489022,7294,217,217,0,7511
5719,489023,7062,133,133,0,7195
5720,489024,20986,0,0,0,20986
5721,489025,14987,0,0,0,14987
5722,490001,7198,0,0,0,7198
5723,490002,3512,0,0,0,3512
5724,490003,4421,0,0,0,4421
5725,490004,5265,0,0,0,5265
5726,490005,25732,0,0,0,25732
5727,490006,3616,0,0,0,3616
5728,490007,16829,0,0,0,16829
5729,490008,26100,0,0,0,26100
5730,491001,16672,0,0,0,16672
5731,491002,9134,0,0,0,9134
5732,491003,18327,0,0,0,18327
5733,491004,21653,0,0,0,21653
5734,491005,54511,0,0,0,54511
5735,491006,3889,0,0,0,3889
5736,491007,32194,34,34,0,32228
5737,491008,19740,875,875,0,20615
5738,491009,11167,0,0,0,11167
5739,491010,2610,0,0,0,2610
5740,491011,6418,0,0,0,6418
5741,491012,17293,0,0,0,17293
5742,491013,10308,0,0,0,10308
5743,491014,35840,0,0,0,35840
5744,491015,6729,0,0,0,6729
5745,491016,4931,0,0,0,4931
5746,491017,26020,0,0,0,26020
5747,491018,3233,0,0,0,3233
5748,491019,11840,0,0,0,11840
5749,491020,24585,21,21,0,24606
5750,491021,1311,0,0,0,1311
5751,492001,29465,35,35,0,29500
5752,492002,42590,1484,1484,0,44074
5753,492003,2043,0,0,0,2043
5754,492004,9997,0,0,0,9997
5755,492005,14520,1094,1094,0,15614
5756,492006,23005,85,85,0,23090
5757,492007,16069,95,95,0,16164
5758,492008,4564,238,238,0,4802
5759,492009,10778,0,0,0,10778
5760,493001,8528,652,652,0,9180
5761,493002,18587,0,0,0,18587
5762,493003,24496,213,213,0,24709
5763,493004,2492,0,0,0,2492
5764,493005,14998,234,234,0,15232
5765,493006,12643,204,204,0,12847
5766,493007,7908,216,216,0,8124
5767,493008,2806,118,118,0,2924
5768,493009,2213,127,127,0,2340
5769,493010,94036,2044,2044,0,96080
5770,493011,1250,0,0,0,1250
5771,493012,3610,0,0,0,3610
5772,493013,25499,0,0,0,25499
5773,493014,3445,0,0,0,3445
5774,493015,2670,0,0,0,2670
5775,494001,48587,684,684,0,49271
5776,494002,5438,52,52,0,5490
5777,494003,1462,704,704,0,2166
5778,494004,11085,80,80,0,11165
5779,494005,66636,1118,1118,0,67754
5780,494006,1367,0,0,0,1367
5781,494007,2020,0,0,0,2020
5782,494008,1367,0,0,0,1367
5783,494009,6141,0,0,0,6141
5784,495001,20499,130,130,0,20629
5785,495002,9806,0,0,0,9806
5786,495003,32968,1110,1110,0,34078
5787,495004,4592,144,144,0,4736
5788,495005,1375,0,0,0,1375
5789,495006,11378,340,340,0,11718
5790,495007,705,0,0,0,705
5791,495008,44195,1363,1363,0,45558
5792,495009,7455,46,46,0,7501
5793,495010,47227,3840,3840,0,51067
5794,495011,32088,5968,5968,0,38056
5795,495012,17440,2846,2846,0,20286
5796,496001,35182,0,0,0,35182
5797,496002,13735,0,0,0,13735
5798,496003,35233,0,0,0,35233
5799,496004,6432,0,0,0,6432
5800,496005,1696,0,0,0,1696
5801,496006,14298,0,0,0,14298
5802,496007,25090,0,0,0,25090
5803,496008,3352,0,0,0,3352
5804,496009,10370,0,0,0,10370
5805,496010,2968,0,0,0,2968
5806,496011,8470,0,0,0,8470
5807,496012,17320,122,122,0,17442
5808,496013,3156,383,383,0,3539
5809,496014,29783,5090,4548,542,34873
5810,496015,4805,265,265,0,5070
5811,496016,4441,1508,1508,0,5949
5812,496017,3593,539,44,495,4132
5813,496018,26545,766,766,0,27311
5814,497001,3373,0,0,0,3373
5815,497002,36798,2287,2287,0,39085
5816,497003,11938,1228,1228,0,13166
5817,497004,6405,1958,1958,0,8363
5818,497005,18567,2195,2195,0,20762
5819,497006,25586,629,629,0,26215
5820,497007,5464,73,73,0,5537
5821,497008,17732,50,50,0,17782
5822,497009,81212,965,965,0,82177
5823,497010,15295,0,0,0,15295
5824,497011,4594,747,747,0,5341
5825,497012,1942,0,0,0,1942
5826,497013,1712,0,0,0,1712
5827,497014,776,0,0,0,776
5828,497015,2145,276,276,0,2421
5829,497016,3968,84,84,0,4052
5830,497017,1485,468,468,0,1953
5831,498001,9071,0,0,0,9071
5832,498002,97310,0,0,0,97310
5833,498003,9198,0,0,0,9198
5834,498004,16936,254,254,0,17190
5835,498005,32825,0,0,0,32825
5836,499001,50508,7491,7491,0,57999
5837,499002,5091,0,0,0,5091
5838,499003,4387,722,722,0,5109
5839,499004,38788,3629,3629,0,42417
5840,499005,15200,0,0,0,15200
5841,499006,4572,49,49,0,4621
5842,499007,33111,698,698,0,33809
5843,499008,7603,53,53,0,7656
5844,499009,57136,5093,5093,0,62229
5845,499010,39086,1679,1679,0,40765
5846,499011,2094,0,0,0,2094
5847,499012,9405,275,275,0,9680
5848,499013,5400,0,0,0,5400
5849,499014,22707,1275,1275,0,23982
5850,499015,7307,0,0,0,7307
5851,499016,10988,0,0,0,10988
5852,499017,19341,5764,650,5114,25105
5853,499018,1976,544,544,0,2520
5854,499019,93,351,351,0,444
5855,499020,4313,589,243,346,4902
5856,499021,1237,514,514,0,1751
5857,500001,12716,81643,0,81643,94359
5858,500002,5312,5121,790,4331,10433
5859,500003,3463,53576,0,53576,57039
5860,500004,1069,537,0,537,1606
5861,500005,18489,39831,0,39831,58320
5862,500006,2466,2140,0,2140,4606
5863,500007,858,499,0,499,1357
5864,500008,2459,23213,0,23213,25672
5865,500009,420,382,0,382,802
5866,500010,11487,1293,0,1293,12780
5867,500011,904,2286,0,2286,3190
5868,500012,1012,627,0,627,1639
5869,500013,15593,24789,2812,21977,40382
5870,500014,3438,0,0,0,3438
5871,500015,21757,35803,196,35607,57560
5872,500016,6195,47,0,47,6242
5873,500017,2372,5150,1684,3466,7522
5874,500018,33387,80947,3391,77556,114334
5875,500019,2184,18041,0,18041,20225
5876,500020,22852,56280,0,56280,79132
5877,500021,23389,35784,636,35148,59173
5878,500022,8519,6469,331,6138,14988
5879,500023,39457,36828,2439,34389,76285
5880,500024,20711,3073,1963,1110,23784
5881,500025,15919,70961,655,70306,86880
5882,500026,3003,1178,1119,59,4181
5883,500027,1861,691,365,326,2552
5884,500028,3177,316,296,20,3493
5885,500029,1941,3392,0,3392,5333
5886,500030,2320,0,0,0,2320
5887,500031,2577,6413,231,6182,8990
5888,500032,2382,0,0,0,2382
5889,500033,8503,20142,700,19442,28645
5890,500034,1926,21779,119,21660,23705
5891,500035,11531,4837,1020,3817,16368
5892,500036,257,312,0,312,569
5893,500037,744,632,0,632,1376
5894,500038,905,795,0,795,1700
5895,501001,35912,0,0,0,35912
5896,501002,13438,0,0,0,13438
5897,501003,8278,0,0,0,8278
5898,501004,2829,0,0,0,2829
5899,501005,5039,0,0,0,5039
5900,501006,9809,0,0,0,9809
5901,501007,70232,0,0,0,70232
5902,501008,25027,71,71,0,25098
5903,501009,5288,8,8,0,5296
5904,501010,6008,0,0,0,6008
5905,501011,19637,1078,1078,0,20715
5906,501012,72190,55,55,0,72245
5907,501013,8120,1,1,0,8121
5908,501014,43413,0,0,0,43413
5909,501015,9500,0,0,0,9500
5910,501016,10403,727,727,0,11130
5911,502001,25316,1275,1275,0,26591
5912,502002,8728,147,147,0,8875
5913,502003,75247,458,458,0,75705
5914,502004,10463,0,0,0,10463
5915,502005,14370,0,0,0,14370
5916,502006,12141,0,0,0,12141
5917,502007,15274,152,152,0,15426
5918,502008,37644,0,0,0,37644
5919,502009,20570,0,0,0,20570
5920,502010,15140,0,0,0,15140
5921,502011,5432,0,0,0,5432
5922,502012,20795,0,0,0,20795
5923,502013,1865,0,0,0,1865
5924,502014,10173,0,0,0,10173
5925,502015,22655,0,0,0,22655
5926,502016,61248,0,0,0,61248
5927,502017,13154,0,0,0,13154
5928,502018,7655,0,0,0,7655
5929,502019,36003,0,0,0,36003
5930,502020,4214,0,0,0,4214
5931,502021,47132,38,38,0,47170
5932,502022,13238,0,0,0,13238
5933,502023,11123,0,0,0,11123
5934,502024,23901,0,0,0,23901
5935,502025,1940,0,0,0,1940
5936,502026,13007,0,0,0,13007
5937,502027,11010,0,0,0,11010
5938,502028,24986,0,0,0,24986
5939,502029,10915,97,97,0,11012
5940,502030,6085,0,0,0,6085
5941,502031,5705,762,762,0,6467
5942,502032,4030,105,105,0,4135
5943,503001,41684,0,0,0,41684
5944,503002,11410,0,0,0,11410
5945,503003,16029,0,0,0,16029
5946,503004,3097,0,0,0,3097
5947,503005,3294,0,0,0,3294
5948,503006,4851,94,94,0,4945
5949,503007,4016,0,0,0,4016
5950,503008,9908,0,0,0,9908
5951,503009,8061,58,58,0,8119
5952,503010,52051,0,0,0,52051
5953,503011,11135,384,384,0,11519
5954,503012,13220,1601,1601,0,14821
5955,503013,16936,0,0,0,16936
5956,503014,2171,0,0,0,2171
5957,503015,20602,525,489,36,21127
5958,503016,36469,125,0,125,36594
5959,503017,42754,0,0,0,42754
5960,503018,4614,0,0,0,4614
5961,503019,47642,0,0,0,47642
5962,503020,8856,0,0,0,8856
5963,503021,26352,0,0,0,26352
5964,503022,64769,0,0,0,64769
5965,503023,2011,0,0,0,2011
5966,503024,4733,0,0,0,4733
5967,503025,1791,67,67,0,1858
5968,503026,46134,767,767,0,46901
5969,503027,976,0,0,0,976
5970,503028,1144,0,0,0,1144
5971,503029,53497,0,0,0,53497
5972,503030,1015,68,68,0,1083
5973,503031,34380,132,132,0,34512
5974,503032,1648,180,180,0,1828
5975,503033,34169,623,623,0,34792
5976,503034,5139,0,0,0,5139
5977,503035,848,0,0,0,848
5978,503036,20909,0,0,0,20909
5979,503037,5794,529,529,0,6323
5980,503038,1028,0,0,0,1028
5981,503039,1745,0,0,0,1745
5982,503040,5042,0,0,0,5042
5983,503041,10605,0,0,0,10605
5984,503042,12431,0,0,0,12431
5985,503043,1125,114,114,0,1239
5986,503044,58028,1208,1104,104,59236
5987,504001,1672,18297,0,18297,19969
5988,504002,10482,33297,0,33297,43779
5989,504003,1373,32915,0,32915,34288
5990,504004,21794,32848,0,32848,54642
5991,504005,3950,10811,529,10282,14761
5992,504006,9130,19486,0,19486,28616
5993,504007,1674,24529,0,24529,26203
5994,504008,748,1974,0,1974,2722
5995,504009,4080,0,0,0,4080
5996,504010,4300,4704,719,3985,9004
5997,504011,6976,2603,0,2603,9579
5998,504012,1294,22,0,22,1316
5999,504013,2089,171,18,153,2260
6000,504014,10545,0,0,0,10545
6001,504015,11875,108,108,0,11983
6002,504016,12601,1748,1748,0,14349
6003,504017,1246,2722,0,2722,3968
6004,504018,4271,0,0,0,4271
6005,504019,23980,3169,778,2391,27149
6006,504020,3899,1285,490,795,5184
6007,504021,19374,2275,0,2275,21649
6008,504022,1016,150,150,0,1166
6009,504023,1628,151,151,0,1779
6010,504024,4862,117,117,0,4979
6011,504025,2529,3,3,0,2532
6012,504026,7609,112,112,0,7721
6013,504027,3803,228,228,0,4031
6014,504028,4698,0,0,0,4698
6015,504029,3389,0,0,0,3389
6016,504030,3090,0,0,0,3090
6017,504031,4071,50,50,0,4121
6018,504032,3642,22697,327,22370,26339
6019,504033,32941,54749,30,54719,87690
6020,504034,19328,74580,1294,73286,93908
6021,504035,23902,142,142,0,24044
6022,504036,6650,10611,171,10440,17261
6023,504037,2867,7299,333,6966,10166
6024,504038,45722,2748,259,2489,48470
6025,504039,19818,48,48,0,19866
6026,504040,17587,125,125,0,17712
6027,504041,2760,0,0,0,2760
6028,504042,4318,107,107,0,4425
6029,504043,6040,0,0,0,6040
6030,504044,2787,0,0,0,2787
6031,504045,8367,66,66,0,8433
6032,504046,4813,0,0,0,4813
6033,505001,5833,865,865,0,6698
6034,505002,23065,3322,3322,0,26387
6035,505003,43657,11380,11380,0,55037
6036,505004,50388,5687,5687,0,56075
6037,505005,53478,1562,1562,0,55040
6038,505006,23640,0,0,0,23640
6039,505007,2387,0,0,0,2387
6040,505008,8510,0,0,0,8510
6041,505009,13766,4912,4912,0,18678
6042,505010,2221,363,363,0,2584
6043,505011,10340,1935,1935,0,12275
6044,505012,3877,571,571,0,4448
6045,505013,12696,421,421,0,13117
6046,505014,5615,299,299,0,5914
6047,505015,1896,262,262,0,2158
6048,506001,41388,905,905,0,42293
6049,506002,30665,236,236,0,30901
6050,506003,19032,379,379,0,19411
6051,506004,11063,0,0,0,11063
6052,506005,16955,47,47,0,17002
6053,506006,7606,0,0,0,7606
6054,506007,15860,0,0,0,15860
6055,506008,2851,0,0,0,2851
6056,506009,23888,0,0,0,23888
6057,506010,5808,0,0,0,5808
6058,506011,17814,0,0,0,17814
6059,506012,5785,0,0,0,5785
6060,507001,2177,0,0,0,2177
6061,507002,1707,0,0,0,1707
6062,507003,5628,0,0,0,5628
6063,507004,1165,0,0,0,1165
6064,507005,7591,0,0,0,7591
6065,507006,4478,4284,0,4284,8762
6066,507007,3769,2440,0,2440,6209
6067,507008,8759,35718,0,35718,44477
6068,507009,1606,2376,0,2376,3982
6069,507010,10506,3062,0,3062,13568
6070,507011,8378,13672,0,13672,22050
6071,507012,6085,4445,0,4445,10530
6072,507013,1417,6328,0,6328,7745
6073,507014,2149,1341,0,1341,3490
6074,507015,2464,8965,0,8965,11429
6075,507016,1616,5805,0,5805,7421
6076,507017,5003,6960,0,6960,11963
6077,507018,1974,8161,0,8161,10135
6078,507019,1646,244,0,244,1890
6079,507020,13436,11285,0,11285,24721
6080,507021,2219,3112,0,3112,5331
6081,507022,3918,3965,0,3965,7883
6082,507023,11096,24708,0,24708,35804
6083,507024,3613,13297,0,13297,16910
6084,507025,15329,3173,787,2386,18502
6085,507026,18290,13848,0,13848,32138
6086,507027,3803,619,0,619,4422
6087,507028,2958,0,0,0,2958
6088,507029,2303,686,292,394,2989
6089,507030,1228,1622,0,1622,2850
6090,507031,8315,1881,191,1690,10196
6091,507032,3570,1611,323,1288,5181
6092,507033,678,957,0,957,1635
6093,507034,4686,1610,72,1538,6296
6094,507035,2730,1663,134,1529,4393
6095,507036,1174,1379,0,1379,2553
6096,507037,5092,7083,426,6657,12175
6097,507038,8540,20466,0,20466,29006
6098,508001,25672,86951,0,86951,112623
6099,508002,6756,16181,0,16181,22937
6100,508003,8409,43644,0,43644,52053
6101,508004,22554,53535,28,53507,76089
6102,508005,4916,26814,99,26715,31730
6103,508006,4106,42471,558,41913,46577
6104,508007,10284,50433,1010,49423,60717
6105,508008,2950,1185,0,1185,4135
6106,508009,1775,45291,0,45291,47066
6107,508010,3394,46408,0,46408,49802
6108,508011,4197,516,0,516,4713
6109,508012,3176,48467,80,48387,51643
6110,508013,5924,22194,683,21511,28118
6111,508014,2265,7859,302,7557,10124
6112,508015,3292,2951,0,2951,6243
6113,508016,4169,4299,0,4299,8468
6114,508017,15783,44553,0,44553,60336
6115,509001,44797,117282,0,117282,162079
6116,509002,6641,0,0,0,6641
6117,509003,8225,23612,17,23595,31837
6118,509004,30828,175237,392,174845,206065
6119,510001,383234,21195,21195,0,404429
6120,510002,3657,738,738,0,4395
6121,510003,3598,343,343,0,3941
6122,510004,9146,672,672,0,9818
6123,510005,5159,0,0,0,5159
6124,510006,108086,6057,6057,0,114143
6125,510007,6128,0,0,0,6128
6126,510008,5569,8,8,0,5577
6127,510009,6596,534,534,0,7130
6128,510010,10272,343,343,0,10615
6129,510011,6004,1243,1243,0,7247
6130,510012,3166,479,479,0,3645
6131,510013,8536,164,164,0,8700
6132,511001,114456,18830,8092,10738,133286
6133,511002,2477,193,193,0,2670
6134,511003,3059,148,148,0,3207
6135,511004,2584,20,20,0,2604
6136,511005,3838,230,230,0,4068
6137,511006,7236,4499,81,4418,11735
6138,512001,55882,2556,2556,0,58438
6139,512002,11526,4221,566,3655,15747
6140,512003,41409,6943,3226,3717,48352
6141,512004,140313,12789,12789,0,153102
6142,513001,15362,246,246,0,15608
6143,513002,7731,241,241,0,7972
6144,513003,2000,0,0,0,2000
6145,513004,18978,1232,1232,0,20210
6146,513005,2941,52,52,0,2993
6147,513006,9702,425,425,0,10127
6148,513007,9308,1027,1027,0,10335
6149,513008,50936,3980,3980,0,54916
6150,513009,13331,835,835,0,14166
6151,513010,3426,65,65,0,3491
6152,513011,13368,3097,3097,0,16465
6153,513012,8449,961,961,0,9410
6154,513013,7265,729,729,0,7994
6155,514001,94546,27725,27725,0,122271
6156,514002,48120,1082,1082,0,49202
6157,514003,23531,620,620,0,24151
6158,514004,16147,704,216,488,16851
6159,514005,37833,3080,3080,0,40913
6160,514006,41148,2357,1557,800,43505
6161,514007,7529,465,465,0,7994
6162,514008,11747,3245,3245,0,14992
6163,515001,8724,1147,205,942,9871
6164,515002,27167,1142,1142,0,28309
6165,515003,13899,543,543,0,14442
6166,515004,5504,30,30,0,5534
6167,516001,58470,25176,1967,23209,83646
6168,516002,1631,2524,0,2524,4155
6169,516003,4120,18580,114,18466,22700
6170,516004,9461,1288,1288,0,10749
6171,516005,3569,22443,0,22443,26012
6172,516006,11594,58214,716,57498,69808
6173,516007,990,473,473,0,1463
6174,516008,1634,0,0,0,1634
6175,516009,4699,0,0,0,4699
6176,516010,6360,28131,0,28131,34491
6177,516011,22758,83325,119,83206,106083
6178,516012,1345,36,36,0,1381
6179,516013,6215,5412,0,5412,11627
6180,516014,6286,39348,261,39087,45634
6181,516015,4898,6704,275,6429,11602
6182,516016,937,1127,0,1127,2064
6183,516017,924,6446,0,6446,7370
6184,516018,644,1240,0,1240,1884
6185,516019,15663,11164,0,11164,26827
6186,516020,12121,498456,140,498316,510577
6187,516021,12937,15476,148,15328,28413
6188,516022,834,723,0,723,1557
6189,516023,10785,1085,414,671,11870
6190,516024,7229,412,0,412,7641
6191,516025,622,95,0,95,717
6192,516026,3952,439,439,0,4391
6193,516027,2678,37812,0,37812,40490
6194,516028,12313,1516,441,1075,13829
6195,516029,2607,0,0,0,2607
6196,516030,9840,40331,0,40331,50171
6197,516031,995,467,0,467,1462
6198,516032,4937,34275,0,34275,39212
6199,516033,6404,40149,0,40149,46553
6200,516034,17326,29816,239,29577,47142
6201,516035,3032,209532,223,209309,212564
6202,516036,7034,41161,0,41161,48195
6203,516037,7865,28399,0,28399,36264
6204,516038,26155,101732,1210,100522,127887
6205,516039,1512,459,55,404,1971
6206,516040,4660,16965,209,16756,21625
6207,516041,2416,22363,0,22363,24779
6208,516042,4610,13714,102,13612,18324
6209,516043,2198,15404,360,15044,17602
6210,516044,1599,495,495,0,2094
6211,516045,2816,24745,680,24065,27561
6212,516046,11246,35056,854,34202,46302
6213,516047,31574,95693,1761,93932,127267
6214,516048,4238,70,69,1,4308
6215,516049,5948,30074,59,30015,36022
6216,516050,5620,13056,171,12885,18676
6217,516051,3811,40755,0,40755,44566
6218,516052,16419,86186,689,85497,102605
6219,516053,14101,309954,0,309954,324055
6220,516054,1086,2313,0,2313,3399
6221,516055,4059,1236,99,1137,5295
6222,516056,8964,11366,0,11366,20330
6223,516057,16188,52771,267,52504,68959
6224,516058,17084,73112,723,72389,90196
6225,516059,10610,33574,222,33352,44184
6226,516060,11447,42504,0,42504,53951
6227,516061,9788,28436,1146,27290,38224
6228,516062,12024,44268,173,44095,56292
6229,516063,11987,29440,593,28847,41427
6230,516064,4219,797,539,258,5016
6231,516065,27402,25674,2015,23659,53076
6232,516066,2873,748,0,748,3621
6233,516067,3273,2696,0,2696,5969
6234,516068,8624,13365,184,13181,21989
6235,516069,16177,46996,820,46176,63173
6236,516070,2488,9749,14,9735,12237
6237,516071,3170,30298,0,30298,33468
6238,516072,1672,1352,0,1352,3024
6239,516073,9037,11794,92,11702,20831
6240,516074,3907,45640,86,45554,49547
6241,517001,15519,0,0,0,15519
6242,517002,3462,0,0,0,3462
6243,517003,117478,1835,1835,0,119313
6244,517004,5907,0,0,0,5907
6245,517005,13445,633,359,274,14078
6246,517006,5378,0,0,0,5378
6247,517007,25497,6827,126,6701,32324
6248,517008,11996,224,224,0,12220
6249,517009,11496,0,0,0,11496
6250,517010,54438,1853,378,1475,56291
6251,517011,23898,0,0,0,23898
6252,517012,6990,0,0,0,6990
6253,517013,2518,0,0,0,2518
6254,517014,8166,696,0,696,8862
6255,517015,5360,1079,181,898,6439
6256,517016,2345,0,0,0,2345
6257,518001,4963,6561,0,6561,11524
6258,518002,1758,4453,0,4453,6211
6259,518003,4486,792,0,792,5278
6260,518004,17022,0,0,0,17022
6261,518005,3501,496,0,496,3997
6262,518006,6596,0,0,0,6596
6263,518007,1264,0,0,0,1264
6264,518008,19547,89,89,0,19636
6265,518009,7376,0,0,0,7376
6266,518010,2655,0,0,0,2655
6267,518011,15974,0,0,0,15974
6268,518012,3479,0,0,0,3479
6269,518013,5197,0,0,0,5197
6270,518014,5309,0,0,0,5309
6271,518015,10200,0,0,0,10200
6272,518016,8894,1107,1107,0,10001
6273,518017,4459,0,0,0,4459
6274,518018,15152,10787,9149,1638,25939
6275,519001,18384,1939,339,1600,20323
6276,519002,1759,42,42,0,1801
6277,519003,29659,1876,870,1006,31535
6278,519004,117113,6461,6274,187,123574
6279,519005,4187,0,0,0,4187
6280,519006,4657,180,180,0,4837
6281,519007,1696,0,0,0,1696
6282,519008,28436,725,725,0,29161
6283,519009,21290,1127,1127,0,22417
6284,519010,8170,521,521,0,8691
6285,519011,2283,14,14,0,2297
6286,519012,19582,0,0,0,19582
6287,519013,5029,79,79,0,5108
6288,519014,4744,399,399,0,5143
6289,519015,7889,4,4,0,7893
6290,519016,34329,1192,1192,0,35521
6291,519017,2883,0,0,0,2883
6292,519018,47754,4668,4525,143,52422
6293,519019,20347,1077,1077,0,21424
6294,519020,7912,159,159,0,8071
6295,519021,39516,4829,4807,22,44345
6296,519022,5066,55,55,0,5121
6297,519023,1887,563,288,275,2450
6298,519024,4686,33,33,0,4719
6299,520001,6056,0,0,0,6056
6300,520002,20373,186,186,0,20559
6301,520003,40237,1759,1759,0,41996
6302,520004,6045,0,0,0,6045
6303,520005,13344,0,0,0,13344
6304,520006,30568,2394,2394,0,32962
6305,520007,4233,195,195,0,4428
6306,521001,1785,360,0,360,2145
6307,521002,3800,2218,0,2218,6018
6308,521003,2768,9921,0,9921,12689
6309,521004,4418,27566,0,27566,31984
6310,521005,10847,8922,0,8922,19769
6311,521006,7364,122,122,0,7486
6312,521007,2769,1095,0,1095,3864
6313,521008,30854,62230,0,62230,93084
6314,521009,104824,38239,186,38053,143063
6315,522001,6599,0,0,0,6599
6316,522002,1519,0,0,0,1519
6317,522003,2932,8922,0,8922,11854
6318,522004,8524,0,0,0,8524
6319,522005,1748,4475,0,4475,6223
6320,522006,2627,5764,0,5764,8391
6321,522007,2641,1410,1410,0,4051
6322,522008,10673,14221,0,14221,24894
6323,522009,1338,0,0,0,1338
6324,522010,5769,1852,1852,0,7621
6325,522011,7518,315,0,315,7833
6326,522012,11005,0,0,0,11005
6327,522013,15053,1383,0,1383,16436
6328,522014,8125,62649,0,62649,70774
6329,522015,32473,2130,0,2130,34603
6330,522016,5131,0,0,0,5131
6331,522017,5453,4145,0,4145,9598
6332,522018,3674,1110,0,1110,4784
6333,522019,802,3389,0,3389,4191
6334,522020,1825,6661,0,6661,8486
6335,522021,1675,5435,0,5435,7110
6336,522022,7710,7304,0,7304,15014
6337,522023,6020,2066,2066,0,8086
6338,523001,2749,30141,0,30141,32890
6339,523002,1470,11454,0,11454,12924
6340,523003,13658,24739,137,24602,38397
6341,523004,13542,17015,193,16822,30557
6342,523005,8518,23744,576,23168,32262
6343,523006,1945,2833,0,2833,4778
6344,523007,16996,11350,201,11149,28346
6345,523008,6801,1205,0,1205,8006
6346,523009,5151,1058,0,1058,6209
6347,523010,4327,1265,345,920,5592
6348,523011,6662,1367,4,1363,8029
6349,523012,16206,463,463,0,16669
6350,523013,1993,0,0,0,1993
6351,523014,2629,0,0,0,2629
6352,523015,5787,790,152,638,6577
6353,523016,5703,583,0,583,6286
6354,523017,11141,539,539,0,11680
6355,523018,5288,1103,0,1103,6391
6356,523019,2988,0,0,0,2988
6357,523020,5787,2311,0,2311,8098
6358,523021,1534,505,505,0,2039
6359,523022,5349,1566,0,1566,6915
6360,523023,6384,4680,0,4680,11064
6361,523024,1218,0,0,0,1218
6362,523025,38254,19737,0,19737,57991
6363,523026,1453,0,0,0,1453
6364,523027,1862,916,0,916,2778
6365,523028,688,1340,0,1340,2028
6366,523029,3302,1317,1317,0,4619
6367,523030,10689,11916,36,11880,22605
6368,523031,8901,9499,0,9499,18400
6369,523032,7783,3395,0,3395,11178
6370,523033,12171,4467,0,4467,16638
6371,523034,2756,87,0,87,2843
6372,523035,5419,0,0,0,5419
6373,523036,3095,330,0,330,3425
6374,523037,3587,0,0,0,3587
6375,523038,3593,230,0,230,3823
6376,523039,10273,1434,0,1434,11707
6377,523040,2130,1090,0,1090,3220
6378,524001,28987,2473,355,2118,31460
6379,524002,8801,22575,0,22575,31376
6380,524003,27709,7782,0,7782,35491
6381,524004,4675,0,0,0,4675
6382,524005,2177,0,0,0,2177
6383,525001,3205,35357,0,35357,38562
6384,525002,2943,13409,0,13409,16352
6385,525003,15960,14992,0,14992,30952
6386,525004,8571,35441,0,35441,44012
6387,525005,7056,1432,0,1432,8488
6388,525006,5055,0,0,0,5055
6389,525007,7416,4364,0,4364,11780
6390,525008,22641,46,34,12,22687
6391,525009,15498,6,0,6,15504
6392,525010,972,0,0,0,972
6393,525011,1205,0,0,0,1205
6394,526001,12130,4897,0,4897,17027
6395,527001,4126,0,0,0,4126
6396,527002,45632,0,0,0,45632
6397,527003,3700,0,0,0,3700
6398,527004,3136,0,0,0,3136
6399,527005,2062,0,0,0,2062
6400,527006,19546,92,92,0,19638
6401,527007,14340,0,0,0,14340
6402,527008,14879,0,0,0,14879
6403,527009,5068,258,258,0,5326
6404,527010,3010,0,0,0,3010
6405,527011,4975,87,87,0,5062
6406,528001,3867,0,0,0,3867
6407,528002,1354,0,0,0,1354
6408,528003,10378,0,0,0,10378
6409,528004,1186,0,0,0,1186
6410,528005,9669,0,0,0,9669
6411,528006,30425,0,0,0,30425
6412,528007,2837,0,0,0,2837
6413,528008,11563,0,0,0,11563
6414,528009,3052,0,0,0,3052
6415,528010,36399,143,143,0,36542
6416,528011,3541,0,0,0,3541
6417,528012,5048,0,0,0,5048
6418,528013,34282,0,0,0,34282
6419,528014,3813,58,58,0,3871
6420,529001,3905,820,0,820,4725
6421,529002,3131,741,0,741,3872
6422,529003,22305,547,547,0,22852
6423,529004,2682,0,0,0,2682
6424,529005,4462,0,0,0,4462
6425,529006,17509,194,194,0,17703
6426,529007,4705,2782,0,2782,7487
6427,529008,18034,1519,128,1391,19553
6428,529009,4679,99,99,0,4778
6429,529010,4954,0,0,0,4954
6430,530001,6360,0,0,0,6360
6431,530002,7893,0,0,0,7893
6432,530003,9084,0,0,0,9084
6433,530004,3282,0,0,0,3282
6434,530005,1495,47,47,0,1542
6435,530006,2029,0,0,0,2029
6436,530007,125522,190,190,0,125712
6437,531001,22915,246,246,0,23161
6438,531002,1151,525,525,0,1676
6439,531003,4512,0,0,0,4512
6440,531004,7065,118,118,0,7183
6441,531005,3509,0,0,0,3509
6442,531006,2184,0,0,0,2184
6443,531007,55771,379,379,0,56150
6444,531008,13342,97,97,0,13439
6445,531009,12938,0,0,0,12938
6446,531010,7527,0,0,0,7527
6447,531011,34505,0,0,0,34505
6448,531012,5674,0,0,0,5674
6449,531013,3731,0,0,0,3731
6450,531014,3767,0,0,0,3767
6451,531015,2688,0,0,0,2688
6452,531016,4251,0,0,0,4251
6453,531017,3444,0,0,0,3444
6454,531018,13380,0,0,0,13380
6455,531019,16688,0,0,0,16688
6456,531020,2082,65,65,0,2147
6457,531021,18162,0,0,0,18162
6458,531022,3676,0,0,0,3676
6459,532001,197302,1302,1302,0,198604
6460,533001,29441,526,526,0,29967
6461,534001,5430,62590,426,62164,68020
6462,534002,31740,23283,1698,21585,55023
6463,534003,28237,23414,23,23391,51651
6464,534004,4157,109640,57,109583,113797
6465,534005,55187,153164,1507,151657,208351
6466,534006,151,251,53,198,402
6467,534007,261,449,0,449,710
6468,534008,1988,5640,0,5640,7628
6469,534009,902,2007,0,2007,2909
6470,534010,11680,2402,841,1561,14082
6471,535001,53569,68702,711,67991,122271
6472,536001,38877,350295,242,350053,389172
6473,536002,514,1763,125,1638,2277
6474,536003,59644,47807,2449,45358,107451
6475,536004,30199,125222,5613,119609,155421
6476,536005,3630,1519,142,1377,5149
6477,536006,991,918,90,828,1909
6478,536007,724,747,171,576,1471
6479,536008,47903,84202,3593,80609,132105
6480,536009,927,1019,359,660,1946
6481,536010,862,1428,535,893,2290
6482,536011,710,1357,537,820,2067
6483,536012,34934,18615,2161,16454,53549
6484,536013,15346,2814,2814,0,18160
6485,536014,251,663,0,663,914
6486,536015,20034,67147,1,67146,87181
6487,536016,2158,5212,0,5212,7370
6488,537001,12376,10470,1351,9119,22846
6489,537002,15488,166,166,0,15654
6490,537003,40514,465,465,0,40979
6491,537004,6868,0,0,0,6868
6492,537005,8904,58764,969,57795,67668
6493,538001,30255,1241,270,971,31496
6494,540001,34885,33105,33105,0,67990
6495,540002,1489,0,0,0,1489
6496,540003,5975,37983,37983,0,43958
6497,540004,9868,0,0,0,9868
6498,540005,15844,5190,5190,0,21034
6499,540006,1586,18457,18457,0,20043
6500,540007,2351,0,0,0,2351
6501,540008,3623,0,0,0,3623
6502,540009,6275,0,0,0,6275
6503,540010,2789,0,0,0,2789
6504,540011,34323,36,36,0,34359
6505,540012,10528,327,327,0,10855
6506,540013,681,0,0,0,681
6507,540014,7569,4427,4427,0,11996
6508,540015,3097,0,0,0,3097
6509,540016,8224,0,0,0,8224
6510,540017,22373,2968,2968,0,25341
6511,540018,49091,7,7,0,49098
6512,540019,27534,6735,6735,0,34269
6513,540020,12381,0,0,0,12381
6514,540021,11544,2474,2474,0,14018
6515,540022,7430,0,0,0,7430
6516,540023,2245,0,0,0,2245
6517,540024,6577,0,0,0,6577
6518,540025,48859,0,0,0,48859
6519,540026,4122,0,0,0,4122
6520,540027,6766,395,395,0,7161
6521,540028,8333,0,0,0,8333
6522,540029,8404,0,0,0,8404
6523,540030,16016,0,0,0,16016
6524,540031,2589,0,0,0,2589
6525,540032,2786,0,0,0,2786
6526,540033,16323,1499,1499,0,17822
6527,540034,8404,0,0,0,8404
6528,540035,222271,2935,2935,0,225206
6529,540036,19626,0,0,0,19626
6530,540037,12159,5925,5925,0,18084
6531,540038,1992,0,0,0,1992
6532,540039,3415,0,0,0,3415
6533,540040,9875,0,0,0,9875
6534,540041,2294,0,0,0,2294
6535,540042,22626,0,0,0,22626
6536,540043,3862,517,517,0,4379
6537,540044,9181,3676,3676,0,12857
6538,540045,21076,0,0,0,21076
6539,540046,16894,1577,1577,0,18471
6540,540047,12048,0,0,0,12048
6541,540048,8045,37,37,0,8082
6542,540049,4467,0,0,0,4467
6543,540050,3892,0,0,0,3892
6544,540051,13038,1738,1738,0,14776
6545,540052,62065,0,0,0,62065
6546,540053,8326,0,0,0,8326
6547,540054,6462,0,0,0,6462
6548,540055,6536,0,0,0,6536
6549,540056,8135,0,0,0,8135
6550,540057,7675,10522,10522,0,18197
6551,540058,1796,0,0,0,1796
6552,540059,4401,0,0,0,4401
6553,540060,18546,6679,6679,0,25225
6554,540061,7596,0,0,0,7596
6555,540062,753,7806,7806,0,8559
6556,540063,18474,0,0,0,18474
6557,540064,3436,5863,5863,0,9299
6558,540065,9514,0,0,0,9514
6559,540066,3557,0,0,0,3557
6560,540067,1471,0,0,0,1471
6561,540068,3851,0,0,0,3851
6562,540069,3466,5660,5660,0,9126
6563,540070,12661,2131,2131,0,14792
6564,540071,3964,1891,1891,0,5855
6565,540072,6081,0,0,0,6081
6566,540073,3606,0,0,0,3606
6567,540074,60621,1000,1000,0,61621
6568,540075,13947,0,0,0,13947
6569,540076,11130,203,203,0,11333
6570,540077,4304,0,0,0,4304
6571,540078,11232,0,0,0,11232
6572,540079,1660,0,0,0,1660
6573,540080,19496,0,0,0,19496
6574,540081,8552,0,0,0,8552
6575,540082,20780,0,0,0,20780
6576,540083,13166,0,0,0,13166
6577,540084,41238,878,878,0,42116
6578,540085,7824,0,0,0,7824
6579,540086,23953,0,0,0,23953
6580,540087,15026,0,0,0,15026
6581,540088,17610,0,0,0,17610
6582,540089,7342,0,0,0,7342
6583,540090,1765,0,0,0,1765
6584,540091,19400,0,0,0,19400
6585,540092,12887,0,0,0,12887
6586,540093,44112,1358,1358,0,45470
6587,540094,22081,930,930,0,23011
6588,540095,10108,0,0,0,10108
6589,540096,9225,606,606,0,9831
6590,540097,651,9892,9892,0,10543
6591,540098,20888,3792,3792,0,24680
6592,540099,4054,13829,13829,0,17883
6593,540100,5614,5494,5494,0,11108
6594,540101,12645,10691,10691,0,23336
6595,540102,21883,5771,5771,0,27654
6596,540103,6292,777,777,0,7069
6597,540104,10562,74,74,0,10636
6598,540105,25628,4314,4314,0,29942
6599,540106,4962,0,0,0,4962
6600,540107,11059,0,0,0,11059
6601,540108,4810,1356,1356,0,6166
6602,540109,20029,0,0,0,20029
6603,540110,15080,0,0,0,15080
6604,540111,2215,0,0,0,2215
6605,540112,11404,0,0,0,11404
6606,540113,12016,1,1,0,12017
6607,540114,7601,0,0,0,7601
6608,540115,10450,5788,5788,0,16238
6609,540116,11450,0,0,0,11450
6610,541001,3818,0,0,0,3818
6611,541002,10707,0,0,0,10707
6612,541003,22369,0,0,0,22369
6613,541004,28624,1359,1359,0,29983
6614,541005,8213,0,0,0,8213
6615,541006,10415,2209,2209,0,12624
6616,541007,8022,0,0,0,8022
6617,541008,63583,0,0,0,63583
6618,541009,64188,652,652,0,64840
6619,541010,3877,0,0,0,3877
6620,541011,210343,11066,11066,0,221409
6621,541012,33513,0,0,0,33513
6622,541013,28332,3046,3046,0,31378
6623,541014,9758,0,0,0,9758
6624,541015,6092,0,0,0,6092
6625,541016,17247,0,0,0,17247
6626,541017,11646,1694,1694,0,13340
6627,541018,1992,625,625,0,2617
6628,541019,19898,1706,1706,0,21604
6629,541020,9513,1658,1658,0,11171
6630,541021,1699,0,0,0,1699
6631,541022,16252,3961,3961,0,20213
6632,541023,3080,0,0,0,3080
6633,541024,4385,0,0,0,4385
6634,541025,11063,0,0,0,11063
6635,541026,47820,3596,3596,0,51416
6636,541027,1981,0,0,0,1981
6637,541028,9534,909,909,0,10443
6638,541029,2820,0,0,0,2820
6639,541030,9237,741,741,0,9978
6640,541031,19483,5912,5912,0,25395
6641,541032,2394,549,549,0,2943
6642,541033,6510,3381,3381,0,9891
6643,541034,7614,0,0,0,7614
6644,541035,7798,1021,1021,0,8819
6645,541036,4091,266,266,0,4357
6646,541037,2176,1163,1163,0,3339
6647,541038,23218,0,0,0,23218
6648,541039,19394,6084,6084,0,25478
6649,541040,8914,2603,2603,0,11517
6650,541041,36612,0,0,0,36612
6651,541042,7493,233,233,0,7726
6652,541043,12843,4503,4503,0,17346
6653,541044,4315,4513,4513,0,8828
6654,541045,41906,10263,10263,0,52169
6655,541046,5206,0,0,0,5206
6656,541047,15292,1294,1294,0,16586
6657,541048,41584,498,498,0,42082
6658,541049,21551,0,0,0,21551
6659,541050,6661,2087,2087,0,8748
6660,541051,1957,0,0,0,1957
6661,541052,1642,0,0,0,1642
6662,541053,17643,0,0,0,17643
6663,541054,5481,0,0,0,5481
6664,541055,10239,2219,2219,0,12458
6665,541056,2109,886,886,0,2995
6666,541057,14017,0,0,0,14017
6667,541058,2977,1086,1086,0,4063
6668,541059,20328,0,0,0,20328
6669,541060,11206,1622,1622,0,12828
6670,541061,34226,0,0,0,34226
6671,541062,3760,797,797,0,4557
6672,541063,6390,4232,4232,0,10622
6673,541064,9086,0,0,0,9086
6674,541065,4905,0,0,0,4905
6675,541066,16537,0,0,0,16537
6676,541067,11561,0,0,0,11561
6677,541068,4667,736,736,0,5403
6678,541069,7900,0,0,0,7900
6679,542001,52235,8115,8115,0,60350
6680,542002,23697,679,679,0,24376
6681,542003,18345,624,624,0,18969
6682,542004,32269,774,774,0,33043
6683,543001,23730,3018,3018,0,26748
6684,543002,4105,961,961,0,5066
6685,543003,39443,0,0,0,39443
6686,543004,4296,837,837,0,5133
6687,543005,35834,886,886,0,36720
6688,543006,6907,0,0,0,6907
6689,543007,9213,4008,4008,0,13221
6690,543008,20507,0,0,0,20507
6691,543009,19435,0,0,0,19435
6692,543010,15207,0,0,0,15207
6693,543011,2196,0,0,0,2196
6694,543012,35565,0,0,0,35565
6695,544001,8805,366,366,0,9171
6696,544002,10408,0,0,0,10408
6697,544003,87335,80,80,0,87415
6698,544004,17139,0,0,0,17139
6699,544005,3892,0,0,0,3892
6700,544006,1549,0,0,0,1549
6701,544007,5484,0,0,0,5484
6702,544008,14229,0,0,0,14229
6703,544009,9893,0,0,0,9893
6704,544010,8107,0,0,0,8107
6705,544011,8394,223,223,0,8617
6706,544012,5476,11,11,0,5487
6707,545001,25179,3089,3089,0,28268
6708,545002,22000,3489,3489,0,25489
6709,545003,16538,1222,1222,0,17760
6710,545004,13591,563,563,0,14154
6711,545005,14699,672,672,0,15371
6712,545006,48267,95,95,0,48362
6713,546001,3595,695,695,0,4290
6714,546002,21719,0,0,0,21719
6715,546003,5292,0,0,0,5292
6716,546004,8936,0,0,0,8936
6717,546005,125427,4896,4896,0,130323
6718,546006,32375,1538,1538,0,33913
6719,546007,4236,1738,1738,0,5974
6720,547001,14034,298,298,0,14332
6721,547002,26093,266,266,0,26359
6722,547003,16247,1332,1332,0,17579
6723,547004,34646,1461,1461,0,36107
6724,547005,35365,1048,1048,0,36413
6725,547006,12012,103,103,0,12115
6726,547007,9067,2122,2122,0,11189
6727,547008,6246,0,0,0,6246
6728,547009,6390,1510,1510,0,7900
6729,547010,263011,13997,13997,0,277008
6730,547011,16665,1199,1199,0,17864
6731,548001,5046,5185,5185,0,10231
6732,549001,29314,11665,11665,0,40979
6733,549002,14940,1839,1839,0,16779
6734,549003,33787,3485,3485,0,37272
6735,549004,3736,1804,1804,0,5540
6736,550001,37933,22858,22858,0,60791
6737,550002,3591,14459,14459,0,18050
6738,550003,39246,16054,16054,0,55300
6739,550004,9569,12188,12188,0,21757
6740,550005,17779,85820,85820,0,103599
6741,550006,12239,41445,41445,0,53684
6742,550007,13326,27829,27829,0,41155
6743,550008,16671,8725,8725,0,25396
6744,550009,28446,123622,123622,0,152068
6745,550010,9902,9665,9665,0,19567
6746,550011,8127,14809,14809,0,22936
6747,550012,14710,8982,8982,0,23692
6748,550013,13435,24571,24571,0,38006
6749,550014,3808,185,185,0,3993
6750,550015,10378,105,105,0,10483
6751,550016,131993,984322,984322,0,1116315
6752,550017,32275,62300,62300,0,94575
6753,550018,24294,130549,130549,0,154843
6754,550019,4185,2294,2294,0,6479
6755,550020,20425,18147,18147,0,38572
6756,550021,5607,0,0,0,5607
6757,550022,6843,16540,16540,0,23383
6758,550023,5627,11718,11718,0,17345
6759,550024,1019,2118,2118,0,3137
6760,550025,8793,0,0,0,8793
6761,550026,2564,2332,2332,0,4896
6762,550027,10285,450709,450709,0,460994
6763,550028,6203,0,0,0,6203
6764,551001,7075,109645,109645,0,116720
6765,551002,47260,61324,61324,0,108584
6766,551003,491,3391,3391,0,3882
6767,551004,906,2735,2735,0,3641
6768,551005,17272,2719,2719,0,19991
6769,551006,4095,7837,7837,0,11932
6770,551007,8996,422,422,0,9418
6771,551008,11532,21259,21259,0,32791
6772,551009,24216,1127,1127,0,25343
6773,551010,35279,24672,24672,0,59951
6774,551011,10533,1,1,0,10534
6775,551012,32549,12861,12861,0,45410
6776,551013,6853,7766,7766,0,14619
6777,551014,41862,10037,10037,0,51899
6778,551015,5080,0,0,0,5080
6779,551016,14360,538,538,0,14898
6780,551017,10390,0,0,0,10390
6781,551018,61505,603,603,0,62108
6782,551019,9247,0,0,0,9247
6783,551020,11743,1037,1037,0,12780
6784,551021,70684,0,0,0,70684
6785,551022,64218,0,0,0,64218
6786,551023,17796,0,0,0,17796
6787,551024,6293,0,0,0,6293
6788,551025,4212,0,0,0,4212
6789,551026,12404,0,0,0,12404
6790,551027,14270,0,0,0,14270
6791,551028,58931,714,714,0,59645
6792,551029,40331,0,0,0,40331
6793,552001,48204,814,814,0,49018
6794,552002,13700,0,0,0,13700
6795,552003,100556,11356,11356,0,111912
6796,552004,56865,3450,3450,0,60315
6797,552005,14723,65,65,0,14788
6798,552006,7398,1329,1329,0,8727
6799,552007,27565,708,708,0,28273
6800,552008,18636,6807,6807,0,25443
6801,552009,18073,13320,13320,0,31393
6802,552010,24261,1326,1326,0,25587
6803,552011,99419,7245,7245,0,106664
6804,552012,9753,1834,1834,0,11587
6805,553001,37362,1822,1822,0,39184
6806,553002,33272,3350,3350,0,36622
6807,553003,54937,5658,5658,0,60595
6808,553004,16313,1187,1187,0,17500
6809,553005,36193,1958,1958,0,38151
6810,553006,43533,28814,28814,0,72347
6811,553007,40031,0,0,0,40031
6812,553008,25246,1076,1076,0,26322
6813,553009,1292,1330,1330,0,2622
6814,553010,72851,5249,5249,0,78100
6815,553011,6881,6088,6088,0,12969
6816,553012,23793,840,840,0,24633
6817,553013,68186,668,668,0,68854
6818,553014,10708,99272,99272,0,109980
6819,553015,9760,672,672,0,10432
6820,553016,22628,0,0,0,22628
6821,553017,8662,0,0,0,8662
6822,553018,12873,0,0,0,12873
6823,553019,9139,0,0,0,9139
6824,553020,11595,71884,71884,0,83479
6825,553021,14658,0,0,0,14658
6826,553022,24427,186,186,0,24613
6827,553023,10971,0,0,0,10971
6828,553024,41190,0,0,0,41190
6829,553025,8479,46730,46730,0,55209
6830,553026,47797,72953,72953,0,120750
6831,553027,9532,33206,33206,0,42738
6832,553028,6979,0,0,0,6979
6833,554001,105068,6338,6338,0,111406
6834,554002,22380,1587,1587,0,23967
6835,555001,15608,772,772,0,16380
6836,555002,32794,723,723,0,33517
6837,555003,22076,6358,6358,0,28434
6838,555004,22561,1384,1384,0,23945
6839,555005,7238,49631,49631,0,56869
6840,555006,51638,11843,11843,0,63481
6841,555007,26786,176258,176258,0,203044
6842,555008,12767,8919,8919,0,21686
6843,555009,5266,1498,1498,0,6764
6844,555010,16106,74025,74025,0,90131
6845,555011,54365,2388,2388,0,56753
6846,555012,14650,1664,1664,0,16314
6847,555013,7084,1731,1731,0,8815
6848,555014,11827,1754,1754,0,13581
6849,555015,3287,3997,3997,0,7284
6850,555016,14954,23236,23236,0,38190
6851,555017,10711,3242,3242,0,13953
6852,556001,32952,707,707,0,33659
6853,556002,20434,0,0,0,20434
6854,556003,70517,0,0,0,70517
6855,556004,110551,1400,1400,0,111951
6856,556005,23596,0,0,0,23596
6857,556006,13323,0,0,0,13323
6858,556007,18198,0,0,0,18198
6859,556008,21597,0,0,0,21597
6860,556009,22570,0,0,0,22570
6861,556010,13954,0,0,0,13954
6862,556011,10084,0,0,0,10084
6863,556012,12763,0,0,0,12763
6864,556013,40257,407,407,0,40664
6865,556014,11698,0,0,0,11698
6866,556015,11298,0,0,0,11298
6867,556016,24310,0,0,0,24310
6868,557001,42632,76435,76435,0,119067
6869,557002,8270,0,0,0,8270
6870,557003,56064,318069,318069,0,374133
6871,557004,55190,0,0,0,55190
6872,557005,196711,0,0,0,196711
6873,557006,46488,0,0,0,46488
6874,557007,8363,0,0,0,8363
6875,557008,15241,0,0,0,15241
6876,557009,42801,0,0,0,42801
6877,558001,13312,0,0,0,13312
6878,558002,77030,111,111,0,77141
6879,558003,12195,0,0,0,12195
6880,558004,30147,0,0,0,30147
6881,558005,38552,61,61,0,38613
6882,558006,38092,1113,1113,0,39205
6883,558007,25148,0,0,0,25148
6884,558008,174242,0,0,0,174242
6885,558009,6503,72,72,0,6575
6886,558010,27982,0,0,0,27982
6887,558011,14954,0,0,0,14954
6888,559001,6456,800,800,0,7256
6889,560001,5663,0,0,0,5663
6890,560002,18737,69,69,0,18806
6891,560003,85725,53,53,0,85778
6892,560004,56242,0,0,0,56242
6893,560005,13792,102,102,0,13894
6894,560006,24623,32,32,0,24655
6895,560007,11680,0,0,0,11680
6896,561001,65055,16645,16645,0,81700
6897,561002,16545,69729,69729,0,86274
6898,562001,67762,0,0,0,67762
6899,562002,17866,0,0,0,17866
6900,562003,66317,0,0,0,66317
6901,563001,46690,70072,70072,0,116762
6902,564001,10542,0,0,0,10542
6903,564002,49604,24333,24333,0,73937
6904,564003,6961,56788,56788,0,63749
6905,564004,8736,0,0,0,8736
6906,564005,57711,230,230,0,57941
6907,564006,13167,0,0,0,13167
6908,564007,23445,0,0,0,23445
6909,564008,10004,0,0,0,10004
6910,564009,71824,3440,3440,0,75264
6911,564010,8211,175,175,0,8386
6912,564011,26050,452,452,0,26502
6913,564012,10715,0,0,0,10715
6914,564013,6248,0,0,0,6248
6915,565001,11428,69393,69393,0,80821
6916,565002,31483,6041,6041,0,37524
6917,565003,34367,64370,64370,0,98737
6918,565004,85692,106,106,0,85798
6919,565005,16312,0,0,0,16312
6920,565006,24239,0,0,0,24239
6921,565007,9473,0,0,0,9473
6922,565008,66012,0,0,0,66012
6923,565009,40180,122791,122791,0,162971
6924,565010,12918,0,0,0,12918
6925,565011,20878,0,0,0,20878
6926,565012,27085,1425,1425,0,28510
6927,565013,7174,0,0,0,7174
6928,565014,39982,149660,149660,0,189642
6929,565015,5635,7716,7716,0,13351
6930,565016,36101,0,0,0,36101
6931,565017,21691,28560,28560,0,50251
6932,565018,5142,0,0,0,5142
6933,565019,21576,0,0,0,21576
6934,565020,10013,0,0,0,10013
6935,565021,10287,67482,67482,0,77769
6936,565022,23287,0,0,0,23287
6937,565023,15299,55431,55431,0,70730
6938,565024,17966,0,0,0,17966
6939,565025,13546,83649,83649,0,97195
6940,566001,11756,45495,45495,0,57251
6941,566002,6461,23636,23636,0,30097
6942,566003,11187,6033,6033,0,17220
6943,566004,25134,0,0,0,25134
6944,567001,77275,0,0,0,77275
6945,567002,38597,0,0,0,38597
6946,567003,18663,0,0,0,18663
6947,567004,17677,0,0,0,17677
6948,567005,30815,0,0,0,30815
6949,567006,52917,244,244,0,53161
6950,567007,15733,0,0,0,15733
6951,567008,65857,87,87,0,65944
6952,568001,22232,0,0,0,22232
6953,568002,19620,59,59,0,19679
6954,568003,43160,0,0,0,43160
6955,568004,3850,0,0,0,3850
6956,568005,12221,0,0,0,12221
6957,568006,6233,0,0,0,6233
6958,568007,3299,0,0,0,3299
6959,568008,28295,57141,57141,0,85436
6960,568009,5966,0,0,0,5966
6961,568010,2689,0,0,0,2689
6962,568011,6130,370,370,0,6500
6963,569001,155959,59109,59109,0,215068
6964,569002,5760,43,43,0,5803
6965,569003,1429,0,0,0,1429
6966,569004,35857,222,222,0,36079
6967,569005,26520,662,662,0,27182
6968,569006,37921,94728,94728,0,132649
6969,569007,2566,27813,27813,0,30379
6970,569008,1448,19596,19596,0,21044
6971,569009,9013,36987,36987,0,46000
6972,569010,6770,6916,6916,0,13686
6973,570001,127112,888,888,0,128000
6974,570002,13736,16762,16762,0,30498
6975,570003,14405,0,0,0,14405
6976,570004,5789,982,982,0,6771
6977,570005,7950,23953,23953,0,31903
6978,570006,19120,0,0,0,19120
6979,570007,197796,136133,136133,0,333929
6980,570008,5849,0,0,0,5849
6981,570009,3228,616,616,0,3844
6982,570010,3612,646,646,0,4258
6983,571001,20357,519,519,0,20876
6984,571002,1744,5449,5449,0,7193
6985,571003,11226,20211,20211,0,31437
6986,571004,7046,125929,125929,0,132975
6987,572001,9059,20227,20227,0,29286
6988,572002,5263,5051,5051,0,10314
6989,572003,9873,23277,23277,0,33150
6990,572004,7729,18793,18793,0,26522
6991,572005,3004,77693,77693,0,80697
6992,572006,4244,13955,13955,0,18199
6993,572007,4498,33174,33174,0,37672
6994,573001,28910,15518,15518,0,44428
6995,573002,9957,4134,4134,0,14091
6996,573003,4142,11015,11015,0,15157
6997,573004,7748,498,498,0,8246
6998,573005,8211,6286,6286,0,14497
6999,574001,98336,8242,8242,0,106578
7000,574002,28683,9680,9680,0,38363
7001,574003,51870,1315,1315,0,53185
7002,574004,41672,7008,7008,0,48680
7003,574005,89762,4616,4616,0,94378
7004,574006,282035,13172,13172,0,295207
7005,574007,16599,0,0,0,16599
7006,574008,29910,3916,3916,0,33826
7007,574009,69284,376,376,0,69660
7008,574010,127198,3625,3625,0,130823
7009,574011,43167,1538,1538,0,44705
7010,574012,12537,0,0,0,12537
7011,574013,11434,1446,1446,0,12880
7012,574014,1027,445,445,0,1472
7013,574015,108272,167,167,0,108439
7014,574016,16954,0,0,0,16954
7015,574017,119432,4706,4706,0,124138
7016,574018,962,3733,3733,0,4695
7017,574019,14488,980,980,0,15468
7018,575001,173487,10893,10893,0,184380
7019,576001,326351,667,667,0,327018
7020,576002,8512,0,0,0,8512
7021,576003,45032,0,0,0,45032
7022,576004,121197,1057,1057,0,122254
7023,576005,23567,106,106,0,23673
7024,576006,75578,0,0,0,75578
7025,576007,136140,4610,4610,0,140750
7026,576008,278449,1973,1973,0,280422
7027,576009,97631,458,458,0,98089
7028,576010,26090,2195,2195,0,28285
7029,576011,124003,21862,21862,0,145865
7030,576012,37235,156,156,0,37391
7031,577001,58252,18972,18972,0,77224
7032,577002,250071,245038,245038,0,495109
7033,578001,87842,25,25,0,87867
7034,578002,370271,3009,3009,0,373280
7035,578003,155379,283,283,0,155662
7036,579001,151603,846,846,0,152449
7037,579002,36296,588,588,0,36884
7038,579003,96149,1193,1193,0,97342
7039,579004,17848,6593,6593,0,24441
7040,579005,38250,1818,1818,0,40068
7041,579006,90524,147,147,0,90671
7042,580001,151811,627,627,0,152438
7043,580002,33664,191,191,0,33855
7044,580003,198817,257,257,0,199074
7045,581001,251911,715,715,0,252626
7046,581002,323085,62,62,0,323147
7047,581003,66871,226,226,0,67097
7048,581004,137907,0,0,0,137907
7049,581005,22628,0,0,0,22628
7050,581006,107570,0,0,0,107570
7051,581007,21468,0,0,0,21468
7052,581008,129370,75,75,0,129445
7053,581009,41975,227,227,0,42202
7054,581010,146900,571,571,0,147471
7055,581011,95848,0,0,0,95848
7056,581012,19322,0,0,0,19322
7057,582001,126593,325,325,0,126918
7058,582002,179004,62,62,0,179066
7059,582003,25691,0,0,0,25691
7060,582004,59160,0,0,0,59160
7061,582005,9017,0,0,0,9017
7062,582006,99528,378,378,0,99906
7063,582007,13086,0,0,0,13086
7064,583001,83812,0,0,0,83812
7065,583002,156572,0,0,0,156572
7066,583003,67445,114,114,0,67559
7067,583004,22033,0,0,0,22033
7068,583005,8429,0,0,0,8429
7069,583006,32928,0,0,0,32928
7070,583007,38552,0,0,0,38552
7071,583008,156624,0,0,0,156624
7072,583009,41880,0,0,0,41880
7073,583010,18071,0,0,0,18071
7074,583011,109009,0,0,0,109009
7075,583012,104524,720,720,0,105244
7076,583013,78089,0,0,0,78089
7077,583014,36912,0,0,0,36912
7078,583015,23473,0,0,0,23473
7079,583016,11043,0,0,0,11043
7080,583017,3101,0,0,0,3101
7081,583018,49151,0,0,0,49151
7082,583019,20264,0,0,0,20264
7083,584001,274271,0,0,0,274271
7084,584002,133485,213,213,0,133698
7085,584003,55911,0,0,0,55911
7086,585001,99364,63,63,0,99427
7087,585002,91393,0,0,0,91393
7088,585003,31149,0,0,0,31149
7089,585004,20226,0,0,0,20226
7090,585005,136526,0,0,0,136526
7091,585006,44183,0,0,0,44183
7092,585007,79546,0,0,0,79546
7093,585008,70843,0,0,0,70843
7094,585009,6824,0,0,0,6824
7095,585010,89024,0,0,0,89024
7096,585011,33109,0,0,0,33109
7097,585012,33558,0,0,0,33558
7098,585013,12297,0,0,0,12297
7099,585014,9730,0,0,0,9730
7100,585015,157383,644,644,0,158027
7101,585016,6060,0,0,0,6060
7102,585017,21091,0,0,0,21091
7103,585018,28030,0,0,0,28030
7104,585019,4765,0,0,0,4765
7105,585020,8901,0,0,0,8901
7106,585021,4856,0,0,0,4856
7107,585022,2876,0,0,0,2876
7108,585023,10601,0,0,0,10601
7109,585024,37041,93,93,0,37134
7110,585025,21839,0,0,0,21839
7111,585026,14466,0,0,0,14466
7112,585027,11876,1063,1063,0,12939
7113,586001,125140,233,233,0,125373
7114,586002,165999,0,0,0,165999
7115,586003,77357,0,0,0,77357
7116,586004,54808,39,39,0,54847
7117,586005,92495,45,45,0,92540
7118,586006,75357,8900,8900,0,84257
7119,586007,30311,0,0,0,30311
7120,586008,22150,0,0,0,22150
7121,586009,51106,0,0,0,51106
7122,586010,22807,10156,10156,0,32963
7123,586011,28707,0,0,0,28707
7124,586012,57754,394,394,0,58148
7125,586013,63517,0,0,0,63517
7126,586014,19258,0,0,0,19258
7127,586015,22460,0,0,0,22460
7128,586016,99156,0,0,0,99156
7129,587001,90633,529,529,0,91162
7130,587002,84654,56,56,0,84710
7131,587003,40262,10270,10270,0,50532
7132,587004,7005,4698,4698,0,11703
7133,587005,9915,132,132,0,10047
7134,587006,15128,269,269,0,15397
7135,588001,27533,244,244,0,27777
7136,588002,10725,0,0,0,10725
7137,588003,206298,0,0,0,206298
7138,588004,28395,0,0,0,28395
7139,588005,41683,70,70,0,41753
7140,588006,212210,3562,3562,0,215772
7141,588007,46568,12157,12157,0,58725
7142,588008,12747,0,0,0,12747
7143,588009,63427,0,0,0,63427
7144,588010,29623,0,0,0,29623
7145,588011,10467,0,0,0,10467
7146,588012,26285,0,0,0,26285
7147,588013,22221,0,0,0,22221
7148,588014,48189,0,0,0,48189
7149,589001,10976,4878,4878,0,15854
7150,589002,29712,0,0,0,29712
7151,589003,14068,202,202,0,14270
7152,589004,38600,1786,1786,0,40386
7153,589005,50762,0,0,0,50762
7154,590001,70097,733,733,0,70830
7155,590002,19874,0,0,0,19874
7156,590003,66602,181,181,0,66783
7157,590004,71597,483,483,0,72080
7158,590005,18389,606,606,0,18995
7159,590006,80394,5776,5776,0,86170
7160,591001,51618,0,0,0,51618
7161,591002,16882,0,0,0,16882
7162,591003,19459,0,0,0,19459
7163,591004,19915,0,0,0,19915
7164,591005,22471,0,0,0,22471
7165,591006,38938,30,30,0,38968
7166,591007,13822,0,0,0,13822
7167,591008,31792,8484,8484,0,40276
7168,591009,25704,833,833,0,26537
7169,591010,45945,0,0,0,45945
7170,591011,4392,199,199,0,4591
7171,591012,13222,427,427,0,13649
7172,591013,40369,362,362,0,40731
7173,591014,11511,0,0,0,11511
7174,591015,61152,493,493,0,61645
7175,591016,4942,0,0,0,4942
7176,591017,16759,47,47,0,16806
7177,591018,13613,0,0,0,13613
7178,591019,92053,235,235,0,92288
7179,591020,49737,0,0,0,49737
7180,591021,8581,182,182,0,8763
7181,591022,16683,1320,1320,0,18003
7182,591023,30938,902,902,0,31840
7183,591024,58687,0,0,0,58687
7184,591025,15825,0,0,0,15825
7185,591026,84219,13472,13472,0,97691
7186,591027,54244,0,0,0,54244
7187,591028,15515,268,268,0,15783
7188,591029,8569,0,0,0,8569
7189,591030,45701,0,0,0,45701
7190,591031,12213,0,0,0,12213
7191,591032,30576,0,0,0,30576
7192,591033,71674,0,0,0,71674
7193,591034,19992,0,0,0,19992
7194,591035,10379,0,0,0,10379
7195,591036,8616,0,0,0,8616
7196,591037,28233,0,0,0,28233
7197,591038,10957,0,0,0,10957
7198,591039,23495,0,0,0,23495
7199,591040,25581,0,0,0,25581
7200,591041,44167,0,0,0,44167
7201,591042,25196,0,0,0,25196
7202,591043,56568,0,0,0,56568
7203,591044,18346,0,0,0,18346
7204,591045,14900,0,0,0,14900
7205,591046,33005,0,0,0,33005
7206,591047,41179,0,0,0,41179
7207,591048,9807,0,0,0,9807
7208,591049,21248,1122,1122,0,22370
7209,592001,25249,132,132,0,25381
7210,592002,61811,56,56,0,61867
7211,592003,14572,0,0,0,14572
7212,592004,50927,4009,4009,0,54936
7213,592005,48853,6111,6111,0,54964
7214,592006,130769,6949,6949,0,137718
7215,592007,77120,267,267,0,77387
7216,592008,55251,6366,6366,0,61617
7217,592009,17235,0,0,0,17235
7218,592010,35256,40544,40544,0,75800
7219,592011,22976,0,0,0,22976
7220,593001,39148,0,0,0,39148
7221,593002,24939,0,0,0,24939
7222,593003,60525,0,0,0,60525
7223,593004,14522,0,0,0,14522
7224,593005,43384,284,284,0,43668
7225,594001,17627,0,0,0,17627
7226,594002,61816,0,0,0,61816
7227,594003,28765,0,0,0,28765
7228,594004,60018,0,0,0,60018
7229,594005,53315,0,0,0,53315
7230,595001,101411,715,715,0,102126
7231,595002,6390,0,0,0,6390
7232,595003,25728,0,0,0,25728
7233,596001,50517,11085,11085,0,61602
7234,596002,7985,283,283,0,8268
7235,596003,58231,0,0,0,58231
7236,596004,30615,0,0,0,30615
7237,596005,65858,0,0,0,65858
7238,596006,22406,0,0,0,22406
7239,596007,16500,2680,2680,0,19180
7240,596008,10268,0,0,0,10268
7241,596009,19995,0,0,0,19995
7242,596010,18595,0,0,0,18595
7243,597001,21843,4691,4691,0,26534
7244,597002,36850,0,0,0,36850
7245,597003,79683,127,127,0,79810
7246,597004,56550,41,41,0,56591
7247,597005,28529,0,0,0,28529
7248,598001,83375,1494,1494,0,84869
7249,598002,26703,57,57,0,26760
7250,598003,7645,0,0,0,7645
7251,598004,57408,767,767,0,58175
7252,598005,19240,0,0,0,19240
7253,599001,114860,4531,4531,0,119391
7254,599002,10789,0,0,0,10789
7255,599003,16595,11,11,0,16606
7256,600001,30525,2888,2888,0,33413
7257,600002,24281,0,0,0,24281
7258,600003,17871,0,0,0,17871
7259,600004,18529,0,0,0,18529
7260,600005,100775,1084,1084,0,101859
7261,601001,41246,0,0,0,41246
7262,601002,22463,0,0,0,22463
7263,601003,257215,2893,2893,0,260108
7264,601004,43116,0,0,0,43116
7265,601005,240528,4249,4249,0,244777
7266,601006,14955,8,8,0,14963
7267,601007,29492,4,4,0,29496
7268,602001,72934,654,654,0,73588
7269,603001,102396,2605,2605,0,105001
7270,604001,79147,83,83,0,79230
7271,604002,109288,20404,20404,0,129692
7272,604003,69824,637,637,0,70461
7273,604004,23523,6,6,0,23529
7274,605001,48508,0,0,0,48508
7275,605002,30178,0,0,0,30178
7276,605003,259393,607,607,0,260000
7277,605004,499431,5330,5330,0,504761
7278,605005,45997,11682,11682,0,57679
7279,605006,37640,121,121,0,37761
7280,606001,80295,0,0,0,80295
7281,606002,262007,1603,1603,0,263610
7282,606003,29725,0,0,0,29725
7283,606004,9632,0,0,0,9632
7284,606005,13913,0,0,0,13913
7285,607001,36798,0,0,0,36798
7286,607002,152870,181,181,0,153051
7287,607003,162339,0,0,0,162339
7288,607004,111643,456,456,0,112099
7289,607005,73520,163,163,0,73683
7290,607006,131825,97,97,0,131922
7291,607007,54140,74,74,0,54214
7292,607008,73583,462,462,0,74045
7293,607009,210050,9426,9426,0,219476
7294,607010,197928,5586,5586,0,203514
7295,607011,100744,3600,3600,0,104344
7296,607012,41536,286,286,0,41822
7297,607013,46317,0,0,0,46317
7298,607014,33876,129,129,0,34005
7299,607015,337807,15741,15741,0,353548
7300,607016,142474,1822,1822,0,144296
7301,607017,77703,18142,18142,0,95845
7302,608001,171155,40,40,0,171195
7303,608002,89776,0,0,0,89776
7304,608003,165260,860,860,0,166120
7305,608004,61229,28,28,0,61257
7306,608005,158544,1032,1032,0,159576
7307,608006,28100,506,506,0,28606
7308,608007,40585,25,25,0,40610
7309,609001,38729,11206,11206,0,49935
7310,609002,178689,6169,6169,0,184858
7311,609003,88372,157,157,0,88529
7312,609004,83856,1026,1026,0,84882
7313,609005,70131,44,44,0,70175
7314,609006,243466,1745,1745,0,245211
7315,609007,135597,1045,1045,0,136642
7316,609008,46995,1183,1183,0,48178
7317,609009,93672,730,730,0,94402
7318,610001,3720,0,0,0,3720
7319,610002,39491,896,896,0,40387
7320,610003,128626,1188,1188,0,129814
7321,610004,15214,0,0,0,15214
7322,610005,67074,1027,1027,0,68101
7323,610006,33774,0,0,0,33774
7324,610007,27699,0,0,0,27699
7325,610008,21007,119,119,0,21126
7326,610009,51279,135,135,0,51414
7327,610010,93471,657,657,0,94128
7328,610011,21493,0,0,0,21493
7329,610012,13241,0,0,0,13241
7330,610013,29464,0,0,0,29464
7331,610014,13956,211,211,0,14167
7332,610015,20539,0,0,0,20539
7333,610016,21060,0,0,0,21060
7334,610017,171658,3523,3523,0,175181
7335,610018,169990,4179,4179,0,174169
7336,610019,27246,0,0,0,27246
7337,610020,37341,0,0,0,37341
7338,610021,39033,0,0,0,39033
7339,611001,18552,575,575,0,19127
7340,611002,17243,0,0,0,17243
7341,611003,33178,0,0,0,33178
7342,611004,44798,4763,4763,0,49561
7343,612001,119718,537,537,0,120255
7344,612002,36435,570,570,0,37005
7345,612003,31328,4047,4047,0,35375
7346,612004,24892,0,0,0,24892
7347,612005,13084,728,728,0,13812
7348,612006,72304,314,314,0,72618
7349,612007,485345,3441,3441,0,488786
7350,612008,52653,58,58,0,52711
7351,612009,28857,36963,36963,0,65820
7352,613001,200580,17598,17598,0,218178
7353,613002,37414,5271,5271,0,42685
7354,613003,91870,15534,15534,0,107404
7355,614001,28587,167,167,0,28754
7356,614002,149863,0,0,0,149863
7357,614003,17671,0,0,0,17671
7358,615001,171559,6932,6932,0,178491
7359,615002,91318,306,306,0,91624
7360,615003,20858,1525,1525,0,22383
7361,615004,15269,315,315,0,15584
7362,615005,10352,4472,4472,0,14824
7363,615006,67213,2615,2615,0,69828
7364,615007,108053,13650,13650,0,121703
7365,615008,43102,1277,1277,0,44379
7366,615009,46124,1130,1130,0,47254
7367,615010,17554,133,133,0,17687
7368,615011,17130,184,184,0,17314
7369,615012,22482,787,787,0,23269
7370,615013,36925,3096,3096,0,40021
7371,616001,66568,10276,10276,0,76844
7372,616002,51806,247,247,0,52053
7373,616003,22941,0,0,0,22941
7374,616004,36965,1249,1249,0,38214
7375,616005,136031,11735,11735,0,147766
7376,616006,13543,0,0,0,13543
7377,616007,26816,0,0,0,26816
7378,617001,41036,0,0,0,41036
7379,617002,57551,250,250,0,57801
7380,617003,18138,0,0,0,18138
7381,617004,47211,256,256,0,47467
7382,618001,8603,22,22,0,8625
7383,618002,16339,0,0,0,16339
7384,618003,7589,0,0,0,7589
7385,618004,23882,0,0,0,23882
7386,618005,15717,0,0,0,15717
7387,618006,30035,0,0,0,30035
7388,618007,27942,0,0,0,27942
7389,618008,15511,0,0,0,15511
7390,618009,32084,0,0,0,32084
7391,618010,51964,140,140,0,52104
7392,618011,18926,0,0,0,18926
7393,618012,30509,0,0,0,30509
7394,618013,43261,568,568,0,43829
7395,618014,19144,0,0,0,19144
7396,618015,114450,195,195,0,114645
7397,618016,131408,118,118,0,131526
7398,618017,41097,179,179,0,41276
7399,618018,41704,0,0,0,41704
7400,618019,206944,685,685,0,207629
7401,618020,3180,0,0,0,3180
7402,618021,16392,0,0,0,16392
7403,618022,26658,87,87,0,26745
7404,618023,28043,0,0,0,28043
7405,618024,27278,0,0,0,27278
7406,618025,27698,240,240,0,27938
7407,618026,7957,0,0,0,7957
7408,618027,27236,0,0,0,27236
7409,618028,9546,0,0,0,9546
7410,618029,26488,0,0,0,26488
7411,618030,91687,0,0,0,91687
7412,618031,327588,795,795,0,328383
7413,618032,42481,0,0,0,42481
7414,618033,31830,0,0,0,31830
7415,618034,110598,926,926,0,111524
7416,618035,39300,0,0,0,39300
7417,618036,30586,0,0,0,30586
7418,618037,28517,0,0,0,28517
7419,618038,11923,0,0,0,11923
7420,618039,62626,0,0,0,62626
7421,618040,48145,1354,1354,0,49499
7422,618041,26085,7575,7575,0,33660
7423,618042,40395,822,822,0,41217
7424,618043,22494,0,0,0,22494
7425,618044,25238,0,0,0,25238
7426,619001,21920,16246,16246,0,38166
7427,619002,26757,0,0,0,26757
7428,619003,40552,0,0,0,40552
7429,619004,114855,45,45,0,114900
7430,619005,316982,1004,1004,0,317986
7431,619006,27962,0,0,0,27962
7432,619007,50822,0,0,0,50822
7433,619008,113465,0,0,0,113465
7434,619009,92168,0,0,0,92168
7435,619010,172745,0,0,0,172745
7436,620001,112982,0,0,0,112982
7437,620002,120806,137,137,0,120943
7438,621001,40510,0,0,0,40510
7439,621002,22743,0,0,0,22743
7440,621003,128214,0,0,0,128214
7441,621004,25178,0,0,0,25178
7442,621005,126410,51,51,0,126461
7443,621006,30980,0,0,0,30980
7444,621007,63479,0,0,0,63479
7445,621008,169288,200,200,0,169488
7446,621009,18145,0,0,0,18145
7447,621010,79539,0,0,0,79539
7448,621011,62489,0,0,0,62489
7449,621012,32693,0,0,0,32693
7450,621013,44491,0,0,0,44491
7451,621014,12940,0,0,0,12940
7452,622001,51004,0,0,0,51004
7453,622002,8913,0,0,0,8913
7454,622003,39448,0,0,0,39448
7455,622004,39636,0,0,0,39636
7456,623001,46856,1600,1600,0,48456
7457,623002,59384,296,296,0,59680
7458,623003,43177,2288,2288,0,45465
7459,623004,57620,0,0,0,57620
7460,623005,25190,69,69,0,25259
7461,623006,28187,0,0,0,28187
7462,623007,77240,147,147,0,77387
7463,623008,16594,0,0,0,16594
7464,623009,24776,0,0,0,24776
7465,623010,26895,139,139,0,27034
7466,623011,13660,0,0,0,13660
7467,623012,57049,0,0,0,57049
7468,623013,79598,6977,6977,0,86575
7469,623014,8366,0,0,0,8366
7470,623015,42586,2050,2050,0,44636
7471,623016,18888,446,446,0,19334
7472,623017,10404,0,0,0,10404
7473,623018,79889,5378,5378,0,85267
7474,624001,59885,0,0,0,59885
7475,624002,57958,0,0,0,57958
7476,624003,16757,110,110,0,16867
7477,624004,20056,0,0,0,20056
7478,625001,89533,1438,1438,0,90971
7479,625002,30308,637,637,0,30945
7480,625003,33147,321,321,0,33468
7481,625004,16072,1494,1494,0,17566
7482,625005,13210,840,840,0,14050
7483,625006,20073,689,689,0,20762
7484,625007,11111,1531,1531,0,12642
7485,625008,32175,614,614,0,32789
7486,625009,42368,0,0,0,42368
7487,625010,120269,262,262,0,120531
7488,625011,114532,0,0,0,114532
7489,626001,19805,0,0,0,19805
7490,626002,29248,0,0,0,29248
7491,626003,16617,0,0,0,16617
7492,626004,11726,0,0,0,11726
7493,626005,61308,17,17,0,61325
7494,626006,38861,36,36,0,38897
7495,626007,36215,118,118,0,36333
7496,626008,11229,31,31,0,11260
7497,626009,19070,0,0,0,19070
7498,627001,30783,0,0,0,30783
7499,627002,61127,0,0,0,61127
7500,627003,23784,0,0,0,23784
7501,627004,31137,0,0,0,31137
7502,627005,51037,0,0,0,51037
7503,627006,143950,382,382,0,144332
7504,628001,167845,107,107,0,167952
7505,628002,28068,0,0,0,28068
7506,628003,127559,86,86,0,127645
7507,628004,11372,0,0,0,11372
7508,628005,49775,0,0,0,49775
7509,628006,23939,3036,3036,0,26975
7510,628007,380986,1240,1240,0,382226
7511,628008,20543,0,0,0,20543
7512,628009,39734,0,0,0,39734
7513,629001,123549,828,828,0,124377
7514,629002,39910,1719,1719,0,41629
7515,629003,55539,102,102,0,55641
7516,629004,10321,0,0,0,10321
7517,629005,53432,0,0,0,53432
7518,629006,21406,200,200,0,21606
7519,629007,12468,0,0,0,12468
7520,629008,109238,0,0,0,109238
7521,630001,35672,27,27,0,35699
7522,630002,30277,144,144,0,30421
7523,630003,50064,135,135,0,50199
7524,630004,32879,0,0,0,32879
7525,631001,62325,439,439,0,62764
7526,631002,59631,375,375,0,60006
7527,632001,111331,1824,1824,0,113155
7528,632002,22451,272,272,0,22723
7529,632003,74127,2102,2102,0,76229
7530,632004,84373,6598,6598,0,90971
7531,632005,15779,0,0,0,15779
7532,632006,22323,0,0,0,22323
7533,632007,53059,430,430,0,53489
7534,632008,51572,542,542,0,52114
7535,632009,19475,1245,1245,0,20720
7536,632010,18398,4760,4760,0,23158
7537,632011,31985,0,0,0,31985
7538,633001,34034,0,0,0,34034
7539,633002,14620,86,86,0,14706
7540,633003,58014,0,0,0,58014
7541,633004,56974,480,480,0,57454
7542,633005,18286,7891,7891,0,26177
7543,633006,7255,891,891,0,8146
7544,633007,5895,1816,1816,0,7711
7545,633008,20983,1030,1030,0,22013
7546,633009,4743,180,180,0,4923
7547,633010,8719,1004,1004,0,9723
7548,633011,46197,876,876,0,47073
7549,633012,29259,2430,2430,0,31689
7550,633013,24737,756,756,0,25493
7551,633014,6072,603,603,0,6675
7552,633015,62931,2135,2135,0,65066
7553,633016,5518,0,0,0,5518
7554,633017,23561,2202,2202,0,25763
7555,633018,4546,0,0,0,4546
7556,633019,14281,0,0,0,14281
7557,633020,7814,187,187,0,8001
7558,633021,40593,0,0,0,40593
7559,633022,20081,1530,1530,0,21611
7560,633023,58518,428,428,0,58946
7561,633024,40177,1552,1552,0,41729
7562,633025,50629,62,62,0,50691
7563,633026,34329,719,719,0,35048
7564,633027,49958,66,66,0,50024
7565,633028,44208,349,349,0,44557
7566,633029,47400,27,27,0,47427
7567,633030,53093,1461,1461,0,54554
7568,633031,14022,1311,1311,0,15333
7569,634001,43197,12,12,0,43209
7570,634002,73138,453,453,0,73591
7571,634003,43593,197,197,0,43790
7572,635001,72658,107,107,0,72765
7573,635002,99306,676,676,0,99982
7574,635003,20353,0,0,0,20353
7575,635004,60209,12394,12394,0,72603
7576,636001,23654,96,96,0,23750
7577,636002,15132,682,682,0,15814
7578,636003,38179,269,269,0,38448
7579,636004,11237,470,470,0,11707
7580,636005,13469,1464,1464,0,14933
7581,636006,59148,24053,24053,0,83201
7582,636007,24249,1897,1897,0,26146
7583,636008,30394,1281,1281,0,31675
7584,636009,26581,7358,7358,0,33939
7585,637001,17772,0,0,0,17772
7586,637002,19336,0,0,0,19336
7587,637003,73521,6420,6420,0,79941
7588,637004,50903,715,715,0,51618
7589,637005,12723,2532,2532,0,15255
7590,637006,89958,6559,6559,0,96517
7591,637007,66698,2949,2949,0,69647
7592,637008,76798,325,325,0,77123
7593,637009,9487,0,0,0,9487
7594,637010,92747,15234,15234,0,107981
7595,637011,22992,7950,7950,0,30942
7596,637012,7362,1864,1864,0,9226
7597,637013,50240,5965,5965,0,56205
7598,637014,1595,1267,1267,0,2862
7599,637015,9112,1034,1034,0,10146
7600,637016,25781,1887,1887,0,27668
7601,637017,19009,646,646,0,19655
7602,637018,17620,245,245,0,17865
7603,637019,946,0,0,0,946
7604,638001,47016,96,96,0,47112
7605,638002,21117,0,0,0,21117
7606,638003,158624,1280,1280,0,159904
7607,638004,50325,0,0,0,50325
7608,638005,76234,206,206,0,76440
7609,638006,15030,0,0,0,15030
7610,638007,65550,988,988,0,66538
7611,638008,106329,848,848,0,107177
7612,638009,84674,0,0,0,84674
7613,638010,32102,0,0,0,32102
7614,638011,42369,0,0,0,42369
7615,639001,62216,2439,2439,0,64655
7616,640001,146609,27889,27889,0,174498
7617,640002,22675,32241,32241,0,54916
7618,640003,36166,7295,7295,0,43461
7619,640004,12687,5749,5749,0,18436
7620,640005,531,351,351,0,882
7621,640006,1457,207,207,0,1664
7622,640007,4514,198,198,0,4712
7623,640008,4457,1095,1095,0,5552
7624,640009,25478,10840,10840,0,36318
7625,640010,28850,3129,3129,0,31979
7626,641001,109916,4907,4907,0,114823
7627,641002,55125,203,203,0,55328
7628,641003,32226,1493,1493,0,33719
7629,641004,2240,0,0,0,2240
7630,641005,92895,2808,2808,0,95703
7631,641006,93887,3216,3216,0,97103
7632,641007,62160,14,14,0,62174
7633,641008,5349,0,0,0,5349
7634,641009,31468,0,0,0,31468
7635,641010,145481,14366,14366,0,159847
7636,641011,6652,0,0,0,6652
7637,642001,33163,13018,13018,0,46181
7638,642002,9185,38576,38576,0,47761
7639,642003,6929,2878,2878,0,9807
7640,642004,100369,17750,17750,0,118119
7641,642005,24041,2913,2913,0,26954
7642,642006,831,244,244,0,1075
7643,642007,7443,0,0,0,7443
7644,642008,4677,1634,1634,0,6311
7645,642009,35836,1526,1526,0,37362
7646,642010,3966,2,2,0,3968
7647,642011,4139,19,19,0,4158
7648,643001,125245,8659,8659,0,133904
7649,643002,19662,9721,9721,0,29383
7650,643003,7734,64,64,0,7798
7651,643004,32061,1096,1096,0,33157
7652,643005,26139,1269,1269,0,27408
7653,643006,54070,788,788,0,54858
7654,643007,78369,3352,3352,0,81721
7655,643008,8227,2467,2467,0,10694
7656,643009,4603,1804,1804,0,6407
7657,643010,7020,721,721,0,7741
7658,643011,5439,1321,1321,0,6760
7659,643012,14046,5180,5180,0,19226
7660,643013,39605,1976,1976,0,41581
7661,643014,10565,63,63,0,10628
7662,643015,7084,0,0,0,7084
7663,643016,26702,459,459,0,27161
7664,643017,1878,0,0,0,1878
7665,644001,605811,6085,6085,0,611896
7666,644002,57082,6701,6701,0,63783
7667,644003,226044,3167,3167,0,229211
7668,644004,37358,1164,1164,0,38522
7669,644005,30331,127,127,0,30458
7670,644006,43469,755,755,0,44224
7671,644007,25345,66,66,0,25411
7672,644008,135878,1259,1259,0,137137
7673,644009,52075,165,165,0,52240
7674,644010,3154,0,0,0,3154
7675,644011,28699,2729,2729,0,31428
7676,644012,24705,800,800,0,25505
7677,644013,136922,9229,9229,0,146151
7678,644014,10905,2013,2013,0,12918
7679,644015,18073,286,286,0,18359
7680,645001,162791,13277,13277,0,176068
7681,645002,1025,127,127,0,1152
7682,645003,6361,13173,13173,0,19534
7683,645004,23513,43,43,0,23556
7684,646001,2015,733,733,0,2748
7685,646002,18574,8760,8760,0,27334
7686,646003,3092,7793,7793,0,10885
7687,646004,14337,4396,4396,0,18733
7688,646005,11814,3698,3698,0,15512
7689,646006,12794,46,46,0,12840
7690,646007,21062,4169,4169,0,25231
7691,646008,29822,2128,2128,0,31950
7692,646009,8600,3313,3313,0,11913
7693,646010,17493,302,302,0,17795
7694,646011,60012,3446,3446,0,63458
7695,646012,14951,315,315,0,15266
7696,646013,111119,5849,5849,0,116968
7697,646014,10335,5987,5987,0,16322
7698,646015,68122,37140,37140,0,105262
7699,646016,7102,91,91,0,7193
7700,646017,40927,377,377,0,41304
7701,646018,79250,1334,1334,0,80584
7702,646019,9544,0,0,0,9544
7703,646020,20255,85,85,0,20340
7704,646021,83345,718,718,0,84063
7705,646022,26851,7100,7100,0,33951
7706,646023,52873,721,721,0,53594
7707,646024,14823,0,0,0,14823
7708,646025,14479,100,100,0,14579
7709,646026,38992,2921,2921,0,41913
7710,647001,46449,4187,4187,0,50636
7711,647002,82723,22755,22755,0,105478
7712,647003,41449,1547,1547,0,42996
7713,647004,38969,506,506,0,39475
7714,647005,28180,2369,2369,0,30549
7715,647006,27814,3108,3108,0,30922
7716,647007,48759,4424,4424,0,53183
7717,647008,33094,3581,3581,0,36675
7718,647009,9316,2205,2205,0,11521
7719,647010,10509,1394,1394,0,11903
7720,647011,270,0,0,0,270
7721,647012,28670,1412,1412,0,30082
7722,647013,4442,18,18,0,4460
7723,648001,112182,39456,39456,0,151638
7724,649001,39524,36875,36875,0,76399
7725,649002,6239,0,0,0,6239
7726,649003,114340,25855,25855,0,140195
7727,650001,123772,20367,20367,0,144139
7728,650002,56932,60,60,0,56992
7729,650003,38106,479,479,0,38585
7730,650004,44170,6786,6786,0,50956
7731,650005,135877,9164,9164,0,145041
7732,650006,79226,3582,3582,0,82808
7733,650007,289,24854,24854,0,25143
7734,650008,1909,0,0,0,1909
7735,651001,77854,4973,4973,0,82827
7736,651002,4958,0,0,0,4958
7737,651003,1622,0,0,0,1622
7738,651004,41719,1273,1273,0,42992
7739,651005,7120,0,0,0,7120
7740,652001,172649,3098,3098,0,175747
7741,652002,5612,9127,9127,0,14739
7742,652003,13288,1028,1028,0,14316
7743,652004,4432,1177,1177,0,5609
7744,652005,20299,3227,3227,0,23526
7745,652006,9433,568,568,0,10001
7746,653001,17939,19994,19994,0,37933
7747,653002,14822,1376,1376,0,16198
7748,653003,1683,192,192,0,1875
7749,653004,40896,18149,18149,0,59045
7750,653005,1401,0,0,0,1401
7751,653006,7664,3041,3041,0,10705
7752,653007,15515,5787,5787,0,21302
7753,653008,9914,2191,2191,0,12105
7754,653009,10305,791,791,0,11096
7755,653010,24442,10026,10026,0,34468
7756,654001,25468,0,0,0,25468
7757,654002,20513,0,0,0,20513
7758,654003,58568,125,125,0,58693
7759,654004,8638,0,0,0,8638
7760,654005,32970,323,323,0,33293
7761,654006,24803,895,895,0,25698
7762,654007,23487,609,609,0,24096
7763,654008,43823,0,0,0,43823
7764,654009,10594,0,0,0,10594
7765,654010,6371,2263,2263,0,8634
7766,654011,52436,1633,1633,0,54069
7767,654012,20285,1372,1372,0,21657
7768,654013,8008,621,621,0,8629
7769,654014,1163,365,365,0,1528
7770,655001,255758,36926,36926,0,292684
7771,655002,20115,65,65,0,20180
7772,655003,7692,487,487,0,8179
7773,655004,28927,3231,3231,0,32158
7774,655005,90795,1982,1982,0,92777
7775,656001,58019,31706,31706,0,89725
7776,656002,11454,7373,7373,0,18827
7777,656003,75189,7451,7451,0,82640
7778,656004,31881,5906,5906,0,37787
7779,657001,94530,8677,8677,0,103207
7780,657002,34623,7940,7940,0,42563
7781,657003,6545,1509,1509,0,8054
7782,657004,50179,2877,2877,0,53056
7783,657005,23161,2300,2300,0,25461
7784,657006,49159,14030,14030,0,63189
7785,657007,23493,103,103,0,23596
7786,657008,19512,3491,3491,0,23003
7787,657009,12918,649,649,0,13567
7788,657010,13397,58,58,0,13455
7789,657011,828,176,176,0,1004
7790,657012,33469,7867,7867,0,41336
7791,657013,4869,268,268,0,5137
7792,657014,862,0,0,0,862
7793,657015,3013,0,0,0,3013
7794,657016,7767,0,0,0,7767
7795,658001,3989,576,576,0,4565
7796,658002,113988,2510,2510,0,116498
7797,658003,9479,627,627,0,10106
7798,658004,13978,0,0,0,13978
7799,658005,116311,16070,16070,0,132381
7800,658006,19842,3077,3077,0,22919
7801,658007,39060,0,0,0,39060
7802,658008,3720,928,928,0,4648
7803,658009,22418,49,49,0,22467
7804,658010,15887,70,70,0,15957
7805,658011,16254,3,3,0,16257
7806,658012,4050,0,0,0,4050
7807,658013,10647,481,481,0,11128
7808,658014,37135,1094,1094,0,38229
7809,658015,923,0,0,0,923
7810,658016,138,0,0,0,138
7811,658017,249,312,312,0,561
7812,658018,203,24,24,0,227
7813,658019,471,0,0,0,471
7814,658020,64,0,0,0,64
7815,658021,1,0,0,0,1
7816,659001,9087,0,0,0,9087
7817,659002,5345,0,0,0,5345
7818,659003,7028,99,99,0,7127
7819,659004,34077,657,657,0,34734
7820,659005,14619,153,153,0,14772
7821,659006,29191,0,0,0,29191
7822,659007,9609,0,0,0,9609
7823,659008,8317,0,0,0,8317
7824,659009,8981,0,0,0,8981
7825,659010,36,0,0,0,36
7826,660001,12795,557,557,0,13352
7827,660002,36724,316,316,0,37040
7828,660003,33556,1186,1186,0,34742
7829,660004,1636,0,0,0,1636
7830,660005,19296,183,183,0,19479
7831,660006,5108,0,0,0,5108
7832,660007,96,0,0,0,96
7833,660008,56895,1891,1891,0,58786
7834,660009,11126,147,147,0,11273
7835,660010,40212,369,369,0,40581
7836,661001,115648,7445,7445,0,123093
7837,661002,13413,1525,1525,0,14938
7838,661003,4068,0,0,0,4068
7839,661004,4028,0,0,0,4028
7840,661005,16546,1796,1796,0,18342
7841,661006,20183,0,0,0,20183
7842,661007,244,51,51,0,295
7843,661008,21921,38,38,0,21959
7844,661009,252,0,0,0,252
7845,661010,58,12,12,0,70
7846,661011,1407,0,0,0,1407
7847,661012,466,0,0,0,466
7848,661013,8424,1897,1897,0,10321
7849,661014,583,0,0,0,583
7850,661015,2646,3,3,0,2649
7851,661016,2,0,0,0,2
7852,662001,90740,4909,4909,0,95649
7853,662002,11151,689,689,0,11840
7854,662003,19565,1574,1574,0,21139
7855,662004,9314,5399,5399,0,14713
7856,662005,39437,1402,1402,0,40839
7857,662006,132326,5287,5287,0,137613
7858,662007,36608,64,64,0,36672
7859,662008,38216,157,157,0,38373
7860,662009,39789,4555,4555,0,44344
7861,662010,12191,0,0,0,12191
7862,662011,71706,430,430,0,72136
7863,662012,9148,0,0,0,9148
7864,662013,8722,0,0,0,8722
7865,662014,19980,0,0,0,19980
7866,662015,5848,324,324,0,6172
7867,662016,6002,0,0,0,6002
7868,662017,5635,0,0,0,5635
7869,662018,119799,0,0,0,119799
7870,662019,27289,0,0,0,27289
7871,662020,10949,0,0,0,10949
7872,662021,115605,1622,1622,0,117227
7873,663001,506400,42769,42769,0,549169
7874,664001,23291,2848,2848,0,26139
7875,664002,40871,12404,12404,0,53275
7876,664003,11897,1372,1372,0,13269
7877,664004,20277,1445,1445,0,21722
7878,664005,29803,1369,1369,0,31172
7879,664006,7731,1869,1869,0,9600
7880,664007,26073,10983,10983,0,37056
7881,664008,60168,16064,16064,0,76232
7882,664009,40044,2008,2008,0,42052
7883,664010,13865,6956,6956,0,20821
7884,664011,17301,7266,7266,0,24567
7885,664012,39877,3520,3520,0,43397
7886,664013,69672,21281,21281,0,90953
7887,664014,19866,1740,1740,0,21606
7888,664015,29836,3417,3417,0,33253
7889,664016,14414,1049,1049,0,15463
7890,664017,30423,18665,18665,0,49088
7891,664018,34679,3116,3116,0,37795
7892,664019,24721,5591,5591,0,30312
7893,664020,13382,97,97,0,13479
7894,664021,839,0,0,0,839
7895,665001,385530,61152,61152,0,446682
7896,666001,215768,48801,48801,0,264569
7897,666002,57137,64896,64896,0,122033
7898,666003,272540,239908,239908,0,512448
7899,667001,61103,57030,57030,0,118133
7900,667002,209527,95814,95814,0,305341
7901,667003,40832,28285,28285,0,69117
7902,668001,72046,4559,4559,0,76605
7903,668002,135104,57456,57456,0,192560
7904,668003,161850,81081,81081,0,242931
7905,669001,54628,10774,10774,0,65402
7906,669002,25309,193,193,0,25502
7907,669003,109251,16656,16656,0,125907
7908,669004,8766,6144,6144,0,14910
7909,669005,17272,3876,3876,0,21148
7910,669006,127238,2676,2676,0,129914
7911,669007,151212,33513,33513,0,184725
7912,669008,10265,0,0,0,10265
7913,669009,22010,6055,6055,0,28065
7914,669010,25095,3291,3291,0,28386
7915,669011,14277,619,619,0,14896
7916,670001,81865,81954,81954,0,163819
7917,670002,2617,9780,9780,0,12397
7918,671001,2764,16324,16324,0,19088
7919,671002,10695,10722,10722,0,21417
7920,671003,16001,87441,87441,0,103442
7921,672001,24444,222,222,0,24666
7922,672002,29571,16187,16187,0,45758
7923,672003,11577,1519,1519,0,13096
7924,672004,16153,0,0,0,16153
7925,672005,29125,0,0,0,29125
7926,672006,2943,1365,1365,0,4308
7927,672007,1,0,0,0,1
7928,672008,3,0,0,0,3
7929,672009,6329,0,0,0,6329
7930,672010,22378,0,0,0,22378
7931,672011,18691,0,0,0,18691
7932,672012,24854,272,272,0,25126
7933,672013,224969,23464,23464,0,248433
7934,672014,35868,0,0,0,35868
7935,672015,101745,0,0,0,101745
7936,674001,57242,73027,73027,0,130269
7937,674002,28524,100231,100231,0,128755
7938,674003,41891,657,657,0,42548
7939,674004,7987,9865,9865,0,17852
7940,674005,32753,3546,3546,0,36299
7941,674006,14981,26619,26619,0,41600
7942,675001,79985,41629,41629,0,121614
7943,675002,36476,1041,1041,0,37517
7944,675003,54721,1632,1632,0,56353
7945,675004,75181,31012,31012,0,106193
7946,676001,234430,1289847,1289847,0,1524277
7947,676002,17078,47575,47575,0,64653
7948,676003,6912,173327,173327,0,180239
7949,676004,71085,19870,19870,0,90955
7950,676005,69565,51211,51211,0,120776
7951,677001,7732,67922,67922,0,75654
7952,677002,154026,87020,87020,0,241046
7953,678001,29701,0,0,0,29701
7954,678002,152984,27052,27052,0,180036
7955,678003,25640,3480,3480,0,29120
7956,678004,7567,3231,3231,0,10798
7957,678005,54685,104,104,0,54789
7958,678006,30565,0,0,0,30565
7959,678007,105937,5337,5337,0,111274
7960,678008,37938,670,670,0,38608
7961,678009,37122,100,100,0,37222
7962,678010,17571,0,0,0,17571
7963,678011,38396,82,82,0,38478
7964,678012,106748,131,131,0,106879
7965,679001,295084,12513,12513,0,307597
7966,680001,22806,0,0,0,22806
7967,680002,161021,4839,4839,0,165860
7968,680003,26619,3135,3135,0,29754
7969,680004,98387,985,985,0,99372
7970,680005,36058,722,722,0,36780
7971,680006,6378,0,0,0,6378
7972,680007,37061,3461,3461,0,40522
7973,680008,26448,512,512,0,26960
7974,680009,20945,0,0,0,20945
7975,680010,7889,710,710,0,8599
7976,680011,16786,0,0,0,16786
7977,680012,16647,0,0,0,16647
7978,680013,10312,0,0,0,10312
7979,680014,25140,876,876,0,26016
7980,680015,9359,0,0,0,9359
7981,681001,13469,0,0,0,13469
7982,681002,32781,169,169,0,32950
7983,681003,41674,0,0,0,41674
7984,681004,43182,917,917,0,44099
7985,681005,47707,130,130,0,47837
7986,681006,23992,250,250,0,24242
7987,682001,9994,1969,1969,0,11963
7988,682002,85649,4119,4119,0,89768
7989,682003,15,0,0,0,15
7990,682004,1630,50,50,0,1680
7991,682005,6,12,12,0,18
7992,682006,12444,69,69,0,12513
7993,682008,12293,0,0,0,12293
7994,682009,16262,42,42,0,16304
7995,682010,12462,437,437,0,12899
7996,682011,0,1,1,0,1
7997,682012,2011,0,0,0,2011
7998,682013,18424,183,183,0,18607
7999,682014,6708,0,0,0,6708
8000,682015,520,0,0,0,520
8001,682016,42429,3219,3219,0,45648
8002,683001,51037,2190,2190,0,53227
8003,683002,34094,2719,2719,0,36813
8004,683003,94397,1600,1600,0,95997
8005,684001,15724,152,152,0,15876
8006,684002,32053,199,199,0,32252
8007,684003,18178,0,0,0,18178
8008,684004,97219,212,212,0,97431
8009,684005,17335,797,797,0,18132
8010,684006,39935,311,311,0,40246
8011,684007,65828,2376,2376,0,68204
8012,684008,216519,13761,13761,0,230280
8013,684009,57914,9613,9613,0,67527
8014,684010,7623,3183,3183,0,10806
8015,684011,32296,26,26,0,32322
8016,684012,2877,1139,1139,0,4016
8017,685001,36057,890,890,0,36947
8018,685002,49994,541,541,0,50535
8019,685003,14051,261,261,0,14312
8020,685004,26802,428,428,0,27230
8021,685005,5005,1628,1628,0,6633
8022,686001,49424,9195,9195,0,58619
8023,686002,88565,2811,2811,0,91376
8024,686003,23816,1395,1395,0,25211
8025,686004,111902,3584,3584,0,115486
8026,686005,9451,899,899,0,10350
8027,686006,28959,5886,5886,0,34845
8028,687001,9674,0,0,0,9674
8029,687002,30831,1279,1279,0,32110
8030,687003,23133,4665,4665,0,27798
8031,687004,15104,412,412,0,15516
8032,687005,91482,1938,1938,0,93420
8033,687006,21340,609,609,0,21949
8034,687007,28831,694,694,0,29525
8035,687008,15963,1659,1659,0,17622
8036,687009,13720,0,0,0,13720
8037,687010,65916,3276,3276,0,69192
8038,687011,9852,0,0,0,9852
8039,687012,25270,0,0,0,25270
8040,688001,57565,3224,3224,0,60789
8041,688002,12829,2303,2303,0,15132
8042,688003,28255,123,123,0,28378
8043,688004,90477,1603,1603,0,92080
8044,689001,25125,1566,1566,0,26691
8045,689002,6705,0,0,0,6705
8046,689003,14466,543,543,0,15009
8047,689004,3134,70,70,0,3204
8048,689005,11513,0,0,0,11513
8049,689006,340,0,0,0,340
8050,689007,28295,0,0,0,28295
8051,689008,72,0,0,0,72
8052,689009,32215,318,318,0,32533
8053,689010,21,0,0,0,21
8054,689011,5072,155,155,0,5227
8055,689012,5476,111,111,0,5587
8056,689013,22742,645,645,0,23387
8057,689014,616,0,0,0,616
8058,690001,5584,341,341,0,5925
8059,690002,79,0,0,0,79
8060,690003,1604,555,555,0,2159
8061,690004,17831,945,945,0,18776
8062,690005,1116,0,0,0,1116
8063,690006,804,0,0,0,804
8064,690007,7568,501,501,0,8069
8065,690008,13616,62,62,0,13678
8066,690009,17071,2710,2710,0,19781
8067,690010,21259,948,948,0,22207
8068,690011,20462,1753,1753,0,22215
8069,690012,31223,826,826,0,32049
8070,690013,11974,66,66,0,12040
8071,690014,26452,341,341,0,26793
8072,691001,37615,6509,6509,0,44124
8073,691002,5225,64,64,0,5289
8074,691003,24901,160,160,0,25061
8075,691004,1401,477,477,0,1878
8076,691005,42319,0,0,0,42319
8077,691006,1323,0,0,0,1323
8078,691008,0,462,462,0,462
8079,691009,24211,10616,10616,0,34827
8080,691010,140,114,114,0,254
8081,691011,0,29,29,0,29
8082,691012,19941,0,0,0,19941
8083,691013,0,63,63,0,63
8084,691014,10,0,0,0,10
8085,692001,43716,7867,7867,0,51583
8086,692002,40372,2243,2243,0,42615
8087,692003,32761,0,0,0,32761
8088,692004,2113,1094,1094,0,3207
8089,692005,4420,1743,1743,0,6163
8090,692006,18920,0,0,0,18920
8091,692007,25073,0,0,0,25073
8092,692008,45153,0,0,0,45153
8093,692009,72666,429,429,0,73095
8094,692010,25934,2660,2660,0,28594
8095,693001,10131,0,0,0,10131
8096,693002,7753,0,0,0,7753
8097,693003,29881,0,0,0,29881
8098,693004,6727,0,0,0,6727
8099,693005,27667,56,56,0,27723
8100,693006,62129,456,456,0,62585
8101,693007,14316,0,0,0,14316
8102,693008,1292,0,0,0,1292
8103,693009,8983,0,0,0,8983
8104,693010,22014,0,0,0,22014
8105,693011,35185,0,0,0,35185
8106,693012,13768,0,0,0,13768
8107,694001,26742,9284,9284,0,36026
8108,694002,21506,1235,1235,0,22741
8109,694003,184,0,0,0,184
8110,694004,60065,0,0,0,60065
8111,694005,38703,250,250,0,38953
8112,695001,38991,1163,1163,0,40154
8113,695002,12032,4085,4085,0,16117
8114,695003,18697,0,0,0,18697
8115,695004,44388,607,607,0,44995
8116,696001,40255,1209,1209,0,41464
8117,696002,31684,230,230,0,31914
8118,696003,12131,183,183,0,12314
8119,696004,18221,0,0,0,18221
8120,696005,13944,0,0,0,13944
8121,696006,15521,259,259,0,15780
8122,696007,15249,0,0,0,15249
8123,696008,35450,0,0,0,35450
8124,696009,26484,588,588,0,27072
8125,696010,15645,0,0,0,15645
8126,696011,15003,117,117,0,15120
8127,696012,72245,452,452,0,72697
8128,696013,15100,0,0,0,15100
8129,696014,8303,0,0,0,8303
8130,696015,20905,519,519,0,21424
8131,697001,4353,0,0,0,4353
8132,697002,457,0,0,0,457
8133,697003,953,0,0,0,953
8134,697004,85619,0,0,0,85619
8135,697005,62037,51,51,0,62088
8136,698001,11097,0,0,0,11097
8137,698002,35301,114,114,0,35415
8138,698003,17194,303,303,0,17497
8139,698004,9169,0,0,0,9169
8140,698005,9499,546,546,0,10045
8141,698006,27017,1416,1416,0,28433
8142,698007,14094,815,815,0,14909
8143,698008,20070,2281,2281,0,22351
8144,698009,11507,1029,1029,0,12536
8145,698010,30963,1211,1211,0,32174
8146,698011,12350,910,910,0,13260
8147,698012,26290,0,0,0,26290
8148,699001,117574,267,267,0,117841
8149,699002,34984,713,713,0,35697
8150,700001,27282,0,0,0,27282
8151,700002,20781,0,0,0,20781
8152,700003,18690,86,86,0,18776
8153,700004,3126,0,0,0,3126
8154,700005,46606,0,0,0,46606
8155,700006,22200,0,0,0,22200
8156,700007,11608,0,0,0,11608
8157,700008,30725,115,115,0,30840
8158,701001,63599,1659,1659,0,65258
8159,701002,31787,916,916,0,32703
8160,701003,3244,471,471,0,3715
8161,701004,11734,0,0,0,11734
8162,701005,32802,1325,1325,0,34127
8163,701006,66944,1638,1638,0,68582
8164,701007,9425,0,0,0,9425
8165,701008,10237,312,312,0,10549
8166,701009,13073,250,250,0,13323
8167,701010,16324,638,638,0,16962
8168,702001,26103,1379,1379,0,27482
8169,702002,26203,1396,1396,0,27599
8170,702003,20099,154,154,0,20253
8171,702004,94897,1095,1095,0,95992
8172,702005,23013,266,266,0,23279
8173,702006,20668,0,0,0,20668
8174,702007,4265,102,102,0,4367
8175,702008,9031,0,0,0,9031
8176,702009,37399,1592,1592,0,38991
8177,702010,10292,0,0,0,10292
8178,702011,24538,0,0,0,24538
8179,703001,117344,10085,10085,0,127429
8180,703002,38247,0,0,0,38247
8181,703003,38688,0,0,0,38688
8182,703004,35455,357,357,0,35812
8183,703005,38967,54,54,0,39021
8184,703006,23037,0,0,0,23037
8185,703007,21681,0,0,0,21681
8186,704001,2610,0,0,0,2610
8187,704002,33716,0,0,0,33716
8188,704003,80640,457,457,0,81097
8189,704004,121527,0,0,0,121527
8190,704005,20785,0,0,0,20785
8191,704006,51814,0,0,0,51814
8192,705001,123094,0,0,0,123094
8193,705002,83184,1370,1370,0,84554
8194,705003,8195,0,0,0,8195
8195,705004,19751,0,0,0,19751
8196,705005,29665,0,0,0,29665
8197,705006,20325,0,0,0,20325
8198,705007,22678,0,0,0,22678
8199,705008,49269,0,0,0,49269
8200,706001,33427,0,0,0,33427
8201,706002,5780,435,435,0,6215
8202,706003,23615,76,76,0,23691
8203,706004,19348,0,0,0,19348
8204,706005,48838,6644,6644,0,55482
8205,706006,11199,0,0,0,11199
8206,706007,6665,186,186,0,6851
8207,706008,44038,197,197,0,44235
8208,707001,30229,0,0,0,30229
8209,707002,14110,0,0,0,14110
8210,707003,12031,0,0,0,12031
8211,707004,50528,836,836,0,51364
8212,707005,58563,4779,4779,0,63342
8213,707006,59525,947,947,0,60472
8214,707007,24093,2183,2183,0,26276
8215,707008,9536,355,355,0,9891
8216,707009,43608,108,108,0,43716
8217,707010,50150,322,322,0,50472
8218,707011,19304,0,0,0,19304
8219,708001,63172,513,513,0,63685
8220,708002,99064,4296,4296,0,103360
8221,708003,70202,0,0,0,70202
8222,708004,16430,177,177,0,16607
8223,708005,55015,0,0,0,55015
8224,708006,34396,0,0,0,34396
8225,709001,7106,0,0,0,7106
8226,709002,51677,138,138,0,51815
8227,709003,10910,0,0,0,10910
8228,709004,29231,191,191,0,29422
8229,709005,67053,1223,1223,0,68276
8230,709006,23775,0,0,0,23775
8231,709007,69145,0,0,0,69145
8232,709008,11513,0,0,0,11513
8233,709009,17510,0,0,0,17510
8234,709010,2433,0,0,0,2433
8235,709011,21312,67,67,0,21379
8236,709012,18938,0,0,0,18938
8237,709013,38792,1129,1129,0,39921
8238,709014,6863,0,0,0,6863
8239,709015,57032,122,122,0,57154
8240,709016,15880,760,760,0,16640
8241,709017,23128,366,366,0,23494
8242,709018,83424,21,21,0,83445
8243,709019,23115,0,0,0,23115
8244,709020,12096,369,369,0,12465
8245,709021,145043,5072,5072,0,150115
8246,710001,69210,3448,3448,0,72658
8247,710002,17940,441,441,0,18381
8248,710003,14571,1015,1015,0,15586
8249,710004,10645,1737,1737,0,12382
8250,710005,56878,2548,2548,0,59426
8251,710006,14664,2014,2014,0,16678
8252,710007,16343,2955,2955,0,19298
8253,710008,72585,420,420,0,73005
8254,710009,7248,0,0,0,7248
8255,711001,322752,11646,11646,0,334398
8256,711002,43857,1457,1457,0,45314
8257,711003,3167,0,0,0,3167
8258,711004,526,0,0,0,526
8259,711005,10,0,0,0,10
8260,711006,14240,3134,3134,0,17374
8261,711007,16724,981,981,0,17705
8262,712001,7150,0,0,0,7150
8263,712002,2570,0,0,0,2570
8264,712003,6280,0,0,0,6280
8265,712004,202,0,0,0,202
8266,712005,352,0,0,0,352
8267,712006,28512,0,0,0,28512
8268,712007,43746,0,0,0,43746
8269,712008,100222,0,0,0,100222
8270,713001,103034,860,860,0,103894
8271,713002,31831,0,0,0,31831
8272,714001,150254,2499,2499,0,152753
8273,714002,37632,0,0,0,37632
8274,714003,28379,0,0,0,28379
8275,714004,67974,990,990,0,68964
8276,714005,22796,788,788,0,23584
8277,714006,20912,216,216,0,21128
8278,714007,44970,484,484,0,45454
8279,714008,7927,0,0,0,7927
8280,714009,19635,659,659,0,20294
8281,714010,61605,131,131,0,61736
8282,714011,6225,0,0,0,6225
8283,714012,5122,0,0,0,5122
8284,714013,53499,363,363,0,53862
8285,714014,63065,52,52,0,63117
8286,714015,160248,6312,6312,0,166560
8287,714016,44031,0,0,0,44031
8288,714017,9071,550,550,0,9621
8289,714018,78771,106,106,0,78877
8290,714019,16097,0,0,0,16097
8291,715001,122157,508,508,0,122665
8292,715002,119232,1569,1569,0,120801
8293,715003,204915,6476,6476,0,211391
8294,715004,55862,2532,2532,0,58394
8295,715005,14970,3,3,0,14973
8296,715006,18556,337,337,0,18893
8297,716001,14670,2155,2155,0,16825
8298,716002,105316,0,0,0,105316
8299,716003,374324,11901,11901,0,386225
8300,717001,66450,8057,8057,0,74507
8301,717002,32815,45787,45787,0,78602
8302,717003,39686,254,254,0,39940
8303,717004,49864,16196,16196,0,66060
8304,717005,14342,3112,3112,0,17454
8305,717006,18200,16715,16715,0,34915
8306,717007,81050,5441,5441,0,86491
8307,717008,29377,1682,1682,0,31059
8308,717009,9909,20709,20709,0,30618
8309,717010,49922,66,66,0,49988
8310,717011,47569,0,0,0,47569
8311,717012,103264,18350,18350,0,121614
8312,717013,8410,3660,3660,0,12070
8313,717014,69939,0,0,0,69939
8314,717015,71113,0,0,0,71113
8315,718001,175244,41172,41172,0,216416
8316,718002,45337,3005,3005,0,48342
8317,718003,88770,3891,3891,0,92661
8318,718004,409958,226871,226871,0,636829
8319,720001,94694,36167,36167,0,130861
8320,723001,34552,3487,3487,0,38039
8321,723002,50027,3353,3353,0,53380
8322,723003,74595,873,873,0,75468
8323,723004,231204,47074,47074,0,278278
8324,723005,83025,1525,1525,0,84550
8325,723006,74999,550,550,0,75549
8326,723007,46004,33682,33682,0,79686
8327,723008,167585,10079,10079,0,177664
8328,723009,8098,12861,12861,0,20959
8329,723010,35355,948,948,0,36303
8330,723011,85915,246,246,0,86161
8331,724001,24425,1055,1055,0,25480
8332,724002,47300,2342,2342,0,49642
8333,724003,63016,167,167,0,63183
8334,724004,14816,825,825,0,15641
8335,724005,62916,0,0,0,62916
8336,724006,19586,0,0,0,19586
8337,724007,63609,2977,2977,0,66586
8338,724008,184571,106873,106873,0,291444
8339,724009,40506,0,0,0,40506
8340,724010,14274,15678,15678,0,29952
8341,724011,11648,0,0,0,11648
8342,724012,6321,0,0,0,6321
8343,726001,259508,0,0,0,259508
8344,726002,26015,0,0,0,26015
8345,726003,24301,0,0,0,24301
8346,726004,25663,0,0,0,25663
8347,726005,17283,0,0,0,17283
8348,727001,55687,276,276,0,55963
8349,727002,21770,0,0,0,21770
8350,727003,26175,746,746,0,26921
8351,727004,55900,1176,1176,0,57076
8352,727005,9507,5101,5101,0,14608
8353,727006,60284,0,0,0,60284
8354,727007,18188,0,0,0,18188
8355,727008,45835,637,637,0,46472
8356,727009,85561,809,809,0,86370
8357,727010,16914,908,908,0,17822
8358,727011,58813,1033,1033,0,59846
8359,727012,43700,1435,1435,0,45135
8360,727013,50230,2507,2507,0,52737
8361,727014,167773,1583,1583,0,169356
8362,728001,97144,93,93,0,97237
8363,728002,34418,97,97,0,34515
8364,728003,29352,2237,2237,0,31589
8365,728004,25982,630,630,0,26612
8366,728005,93443,144,144,0,93587
8367,728006,33645,405,405,0,34050
8368,729001,60967,0,0,0,60967
8369,729002,29749,142,142,0,29891
8370,729003,72566,221,221,0,72787
8371,729004,14131,567,567,0,14698
8372,729005,33487,382,382,0,33869
8373,729006,122925,166,166,0,123091
8374,729007,23085,0,0,0,23085
8375,729008,4409,410,410,0,4819
8376,729009,90725,0,0,0,90725
8377,729010,34609,56,56,0,34665
8378,729011,21777,0,0,0,21777
8379,729012,46348,0,0,0,46348
8380,729013,40518,0,0,0,40518
8381,729014,32144,4263,4263,0,36407
8382,729015,71136,212,212,0,71348
8383,729016,23014,373,373,0,23387
8384,729017,84526,0,0,0,84526
8385,729018,71573,268,268,0,71841
8386,729019,9882,0,0,0,9882
8387,729020,37286,0,0,0,37286
8388,729021,28726,66,66,0,28792
8389,729022,50688,71,71,0,50759
8390,729023,5386,0,0,0,5386
8391,729024,7760,257,257,0,8017
8392,730001,81732,1002,1002,0,82734
8393,730002,38364,2824,2824,0,41188
8394,730003,86540,268,268,0,86808
8395,730004,48902,226,226,0,49128
8396,730005,137277,1609,1609,0,138886
8397,730006,256507,2171,2171,0,258678
8398,730007,29878,72,72,0,29950
8399,730008,44947,0,0,0,44947
8400,730009,75608,1040,1040,0,76648
8401,730010,80047,182,182,0,80229
8402,730011,57994,0,0,0,57994
8403,731001,54895,15166,15166,0,70061
8404,731002,243551,3536,3536,0,247087
8405,731003,15992,0,0,0,15992
8406,731004,27786,0,0,0,27786
8407,731005,114241,509,509,0,114750
8408,731006,29174,1630,1630,0,30804
8409,731007,15642,0,0,0,15642
8410,731008,79345,82,82,0,79427
8411,731009,70200,1968,1968,0,72168
8412,731010,14662,0,0,0,14662
8413,731011,22736,0,0,0,22736
8414,731012,20202,94,94,0,20296
8415,731013,48190,990,990,0,49180
8416,731014,97066,2061,2061,0,99127
8417,731015,29067,712,712,0,29779
8418,731016,11633,0,0,0,11633
8419,732001,128884,12039,12039,0,140923
8420,733001,11659,0,0,0,11659
8421,733002,43033,2660,2660,0,45693
8422,733003,33147,2106,2106,0,35253
8423,733004,67605,0,0,0,67605
8424,733005,55760,771,771,0,56531
8425,733006,50336,614,614,0,50950
8426,733007,20212,0,0,0,20212
8427,733008,24301,2453,2453,0,26754
8428,733009,13387,0,0,0,13387
8429,733010,7995,32,32,0,8027
8430,733011,25359,75,75,0,25434
8431,733012,13138,2450,2450,0,15588
8432,734001,73943,2035,2035,0,75978
8433,734002,13081,0,0,0,13081
8434,734003,20562,250,250,0,20812
8435,734004,10123,0,0,0,10123
8436,735001,37501,172,172,0,37673
8437,735002,6841,0,0,0,6841
8438,735003,43212,2537,2537,0,45749
8439,735004,31126,13212,13212,0,44338
8440,735005,61991,2755,2755,0,64746
8441,735006,7126,0,0,0,7126
8442,735007,10526,0,0,0,10526
8443,735008,54131,2,2,0,54133
8444,736001,63402,3005,3005,0,66407
8445,736002,20527,141,141,0,20668
8446,736003,15248,4964,4964,0,20212
8447,736004,51869,1328,1328,0,53197
8448,736005,44793,1285,1285,0,46078
8449,736006,67876,213,213,0,68089
8450,736007,13212,0,0,0,13212
8451,736008,47981,0,0,0,47981
8452,736009,25515,917,917,0,26432
8453,736010,9024,197,197,0,9221
8454,736011,20244,0,0,0,20244
8455,736012,18007,298,298,0,18305
8456,737001,84153,0,0,0,84153
8457,737002,62965,239,239,0,63204
8458,737003,63615,8381,8381,0,71996
8459,737004,47216,1800,1800,0,49016
8460,737005,77818,84,84,0,77902
8461,738001,23874,0,0,0,23874
8462,738002,59432,31,31,0,59463
8463,738003,36480,90,90,0,36570
8464,738004,55285,230,230,0,55515
8465,738005,19071,493,493,0,19564
8466,738006,33217,0,0,0,33217
8467,738007,18435,1,1,0,18436
8468,739001,272770,8202,8202,0,280972
8469,739002,22715,0,0,0,22715
8470,739003,86743,8392,8392,0,95135
8471,739004,30046,442,442,0,30488
8472,739005,16745,1266,1266,0,18011
8473,740001,55614,617,617,0,56231
8474,740002,96783,1217,1217,0,98000
8475,740003,50271,9871,9871,0,60142
8476,740004,8155,0,0,0,8155
8477,740005,15814,71,71,0,15885
8478,740006,40557,413,413,0,40970
8479,740007,55708,459,459,0,56167
8480,740008,16510,0,0,0,16510
8481,740009,61986,71,71,0,62057
8482,741001,34478,2860,2860,0,37338
8483,741002,11407,818,818,0,12225
8484,741003,25256,153,153,0,25409
8485,741004,39196,1723,1723,0,40919
8486,741005,13222,0,0,0,13222
8487,741006,11617,39,39,0,11656
8488,741007,11184,28,28,0,11212
8489,741008,3774,1770,1770,0,5544
8490,741009,7200,960,960,0,8160
8491,741010,18137,79,79,0,18216
8492,741011,19304,0,0,0,19304
8493,741012,33333,0,0,0,33333
8494,742001,28173,668,668,0,28841
8495,742002,38987,477,477,0,39464
8496,742003,4068,0,0,0,4068
8497,743001,99257,653,653,0,99910
8498,743002,60628,463,463,0,61091
8499,743003,11184,289,289,0,11473
8500,744001,53747,491,491,0,54238
8501,744002,83707,0,0,0,83707
8502,744003,6836,0,0,0,6836
8503,744004,121398,999,999,0,122397
8504,744005,120220,0,0,0,120220
8505,745001,59287,10102,10102,0,69389
8506,745002,48296,110,110,0,48406
8507,745003,106517,413,413,0,106930
8508,745004,141341,6853,6853,0,148194
8509,745005,46558,527,527,0,47085
8510,745006,165704,1874,1874,0,167578
8511,745007,36923,1213,1213,0,38136
8512,745008,74545,2204,2204,0,76749
8513,745009,68980,0,0,0,68980
8514,745010,14945,0,0,0,14945
8515,745011,100112,64307,64307,0,164419
8516,745012,95984,3505,3505,0,99489
8517,745013,28085,1651,1651,0,29736
8518,745014,13895,111,111,0,14006
8519,745015,26379,0,0,0,26379
8520,745016,36667,98,98,0,36765
8521,746001,172420,633,633,0,173053
8522,746002,110158,0,0,0,110158
8523,747001,43955,2372,2372,0,46327
8524,747002,17151,0,0,0,17151
8525,747003,32536,5046,5046,0,37582
8526,747004,28710,0,0,0,28710
8527,747005,33679,94,94,0,33773
8528,748001,92265,548,548,0,92813
8529,748002,123068,293,293,0,123361
8530,748003,14399,0,0,0,14399
8531,748004,26870,626,626,0,27496
8532,748005,86754,216,216,0,86970
8533,748006,104875,188,188,0,105063
8534,748007,10179,0,0,0,10179
8535,748008,41664,209,209,0,41873
8536,748009,71204,254,254,0,71458
8537,748010,34626,474,474,0,35100
8538,748011,74794,0,0,0,74794
8539,748012,288822,0,0,0,288822
8540,748013,18191,318,318,0,18509
8541,748014,22874,0,0,0,22874
8542,748015,16398,0,0,0,16398
8543,748016,13945,0,0,0,13945
8544,748017,20996,290,290,0,21286
8545,749001,27734,0,0,0,27734
8546,749002,17045,0,0,0,17045
8547,749003,56927,502,502,0,57429
8548,749004,41729,86,86,0,41815
8549,749005,48115,2401,2401,0,50516
8550,749006,51683,0,0,0,51683
8551,749007,163252,215,215,0,163467
8552,749008,32657,401,401,0,33058
8553,749009,111964,65,65,0,112029
8554,749010,29920,0,0,0,29920
8555,750001,20238,77,77,0,20315
8556,750002,92955,178,178,0,93133
8557,750003,6339,0,0,0,6339
8558,750004,82242,501,501,0,82743
8559,750005,17494,104,104,0,17598
8560,750006,51975,67,67,0,52042
8561,750007,54210,67,67,0,54277
8562,750008,42319,0,0,0,42319
8563,751001,28518,0,0,0,28518
8564,751002,24590,0,0,0,24590
8565,751003,20126,0,0,0,20126
8566,751004,15885,278,278,0,16163
8567,751005,39722,75,75,0,39797
8568,751006,56915,5902,5902,0,62817
8569,751007,23234,0,0,0,23234
8570,752001,26152,46,46,0,26198
8571,752002,12324,205,205,0,12529
8572,752003,149766,124,124,0,149890
8573,752004,83670,280,280,0,83950
8574,752005,15054,90,90,0,15144
8575,752006,24063,0,0,0,24063
8576,752007,38096,1022,1022,0,39118
8577,752008,9542,0,0,0,9542
8578,752009,32367,0,0,0,32367
8579,752010,36943,0,0,0,36943
8580,752011,10771,0,0,0,10771
8581,752012,13046,615,615,0,13661
8582,752013,87512,0,0,0,87512
8583,752014,26541,0,0,0,26541
8584,752015,95248,0,0,0,95248
8585,752016,9138,0,0,0,9138
8586,752017,118623,87,87,0,118710
8587,752018,97628,0,0,0,97628
8588,752019,45076,2573,2573,0,47649
8589,753001,6972,0,0,0,6972
8590,753002,108303,1968,1968,0,110271
8591,753003,7259,120,120,0,7379
8592,753004,39071,1469,1469,0,40540
8593,753005,31412,0,0,0,31412
8594,753006,39810,1532,1532,0,41342
8595,753007,255820,1370,1370,0,257190
8596,753008,17300,0,0,0,17300
8597,753009,26563,224,224,0,26787
8598,753010,8569,0,0,0,8569
8599,753011,26132,0,0,0,26132
8600,753012,108600,0,0,0,108600
8601,753013,95818,701,701,0,96519
8602,754001,21005,0,0,0,21005
8603,754002,51593,0,0,0,51593
8604,754003,17533,0,0,0,17533
8605,754004,33147,4889,4889,0,38036
8606,754005,31934,212,212,0,32146
8607,754006,38300,0,0,0,38300
8608,754007,37278,0,0,0,37278
8609,754008,17919,0,0,0,17919
8610,754009,21305,0,0,0,21305
8611,754010,41553,0,0,0,41553
8612,754011,13890,0,0,0,13890
8613,755001,35133,0,0,0,35133
8614,755002,214185,896,896,0,215081
8615,755003,16251,430,430,0,16681
8616,756001,119243,216,216,0,119459
8617,756002,76793,319,319,0,77112
8618,756003,15756,434,434,0,16190
8619,756004,8656,0,0,0,8656
8620,756005,119121,579,579,0,119700
8621,756006,119433,449,449,0,119882
8622,756007,20215,149,149,0,20364
8623,756008,93048,626,626,0,93674
8624,757001,143499,162,162,0,143661
8625,757002,42992,0,0,0,42992
8626,757003,32018,0,0,0,32018
8627,757004,38481,0,0,0,38481
8628,757005,9254,22,22,0,9276
8629,758001,11909,0,0,0,11909
8630,758002,18869,197,197,0,19066
8631,758003,15415,59,59,0,15474
8632,758004,18759,129,129,0,18888
8633,758005,27474,1,1,0,27475
8634,758006,39141,27,27,0,39168
8635,758007,76707,71,71,0,76778
8636,758008,19448,0,0,0,19448
8637,758009,68307,17,17,0,68324
8638,758010,21851,0,0,0,21851
8639,758011,25793,0,0,0,25793
8640,759001,69415,258,258,0,69673
8641,760001,27261,449,449,0,27710
8642,760002,463446,0,0,0,463446
8643,760003,38333,0,0,0,38333
8644,760004,86684,0,0,0,86684
8645,760005,75397,0,0,0,75397
8646,761001,29782,670,670,0,30452
8647,761002,25465,310,310,0,25775
8648,761003,49759,4261,4261,0,54020
8649,762001,35253,682,682,0,35935
8650,762002,21410,226,226,0,21636
8651,762003,64298,0,0,0,64298
8652,762004,18973,0,0,0,18973
8653,762005,27496,0,0,0,27496
8654,763001,194756,2690,2690,0,197446
8655,763002,13043,0,0,0,13043
8656,763003,12214,0,0,0,12214
8657,763004,12668,81,81,0,12749
8658,763005,15649,8383,8383,0,24032
8659,763006,92125,454,454,0,92579
8660,763007,14018,0,0,0,14018
8661,763008,5664,0,0,0,5664
8662,763009,22023,0,0,0,22023
8663,763010,20718,0,0,0,20718
8664,763011,6877,0,0,0,6877
8665,764001,11909,0,0,0,11909
8666,764002,6416,192,192,0,6608
8667,764003,31528,0,0,0,31528
8668,764004,28729,228,228,0,28957
8669,764005,57648,216,216,0,57864
8670,765001,45158,0,0,0,45158
8671,765002,84079,91,91,0,84170
8672,765003,18601,6665,6665,0,25266
8673,765004,65525,0,0,0,65525
8674,765005,96439,273,273,0,96712
8675,765006,5373,160,160,0,5533
8676,765007,6654,0,0,0,6654
8677,765008,132041,105,105,0,132146
8678,765009,41964,998,998,0,42962
8679,766001,54303,57,57,0,54360
8680,766002,17460,187,187,0,17647
8681,766003,15532,161,161,0,15693
8682,766004,7008,0,0,0,7008
8683,766005,18870,0,0,0,18870
8684,766006,23721,0,0,0,23721
8685,766007,43778,336,336,0,44114
8686,766008,51095,637,637,0,51732
8687,766009,11939,0,0,0,11939
8688,766010,65644,5115,5115,0,70759
8689,767001,112039,867,867,0,112906
8690,767002,93994,1301,1301,0,95295
8691,767003,59632,1518,1518,0,61150
8692,767004,11239,404,404,0,11643
8693,767005,42267,360,360,0,42627
8694,767006,47336,3268,3268,0,50604
8695,767007,12881,2364,2364,0,15245
8696,767008,8099,2670,2670,0,10769
8697,767009,8067,564,564,0,8631
8698,767010,57993,294,294,0,58287
8699,767011,70763,760,760,0,71523
8700,767012,30643,428,428,0,31071
8701,767013,16099,286,286,0,16385
8702,767014,79791,3052,3052,0,82843
8703,767015,12516,0,0,0,12516
8704,768001,55047,1233,1233,0,56280
8705,768002,12469,0,0,0,12469
8706,769001,202586,2937,2937,0,205523
8707,769002,35871,418,418,0,36289
8708,769003,27700,14779,14779,0,42479
8709,769004,16716,4931,4931,0,21647
8710,769005,49250,0,0,0,49250
8711,770001,51062,0,0,0,51062
8712,770002,45550,588,588,0,46138
8713,770003,200637,4542,4542,0,205179
8714,770004,26586,87,87,0,26673
8715,770005,32295,4312,4312,0,36607
8716,770006,81604,3036,3036,0,84640
8717,770007,26965,386,386,0,27351
8718,770008,18923,5120,5120,0,24043
8719,770009,3185,1666,1666,0,4851
8720,770010,14419,3795,3795,0,18214
8721,771001,123454,1097,1097,0,124551
8722,771002,3625,0,0,0,3625
8723,771003,66099,0,0,0,66099
8724,771004,2028,0,0,0,2028
8725,771005,168530,602,602,0,169132
8726,771006,48698,4325,4325,0,53023
8727,771007,23180,165,165,0,23345
8728,771008,41748,0,0,0,41748
8729,772001,50133,52,52,0,50185
8730,772002,28555,1005,1005,0,29560
8731,773001,45294,451,451,0,45745
8732,773002,52422,109,109,0,52531
8733,773003,118219,2231,2231,0,120450
8734,773004,65349,226,226,0,65575
8735,773005,42622,1069,1069,0,43691
8736,773006,17053,171,171,0,17224
8737,773007,31142,338,338,0,31480
8738,773008,19264,0,0,0,19264
8739,773009,48686,1086,1086,0,49772
8740,774001,25827,86,86,0,25913
8741,774002,25792,456,456,0,26248
8742,774003,25584,539,539,0,26123
8743,774004,23877,0,0,0,23877
8744,775001,18509,0,0,0,18509
8745,775002,16067,0,0,0,16067
8746,775003,57102,0,0,0,57102
8747,775004,35166,0,0,0,35166
8748,776001,26123,0,0,0,26123
8749,776002,61138,975,975,0,62113
8750,776003,16415,2513,2513,0,18928
8751,776004,52746,833,833,0,53579
8752,776005,44932,263,263,0,45195
8753,777001,47769,92,92,0,47861
8754,777002,20399,797,797,0,21196
8755,777003,47288,3004,3004,0,50292
8756,778001,58575,1474,1474,0,60049
8757,779001,68655,914,914,0,69569
8758,779002,35089,166,166,0,35255
8759,780001,53132,973,973,0,54105
8760,780002,21573,1830,1830,0,23403
8761,780003,270850,4282,4282,0,275132
8762,780004,13612,224,224,0,13836
8763,780005,19648,2928,2928,0,22576
8764,780006,29730,0,0,0,29730
8765,781001,40488,0,0,0,40488
8766,781002,42695,627,627,0,43322
8767,781003,15722,0,0,0,15722
8768,781004,41724,4608,4608,0,46332
8769,781005,45480,0,0,0,45480
8770,781006,48041,100,100,0,48141
8771,781007,24821,0,0,0,24821
8772,781008,21938,49,49,0,21987
8773,781009,50853,0,0,0,50853
8774,782001,121451,1857,1857,0,123308
8775,782002,84640,829,829,0,85469
8776,782003,43197,0,0,0,43197
8777,782004,57871,765,765,0,58636
8778,782005,47590,0,0,0,47590
8779,782006,51924,609,609,0,52533
8780,782007,43210,0,0,0,43210
8781,782008,81107,2506,2506,0,83613
8782,782009,22996,0,0,0,22996
8783,782010,30002,0,0,0,30002
8784,782011,21595,0,0,0,21595
8785,782012,48550,1362,1362,0,49912
8786,782013,19028,0,0,0,19028
8787,782014,68427,0,0,0,68427
8788,782015,4368,472,472,0,4840
8789,782016,8006,0,0,0,8006
8790,782017,24461,1099,1099,0,25560
8791,783001,304255,7703,7703,0,311958
8792,783002,8809,589,589,0,9398
8793,783003,56393,0,0,0,56393
8794,784001,41495,2713,2713,0,44208
8795,784002,22565,1004,1004,0,23569
8796,784003,48168,1512,1512,0,49680
8797,784004,26742,3904,3904,0,30646
8798,784005,14994,1479,1479,0,16473
8799,784006,6984,1187,1187,0,8171
8800,785001,19911,0,0,0,19911
8801,785002,108524,267,267,0,108791
8802,786001,65456,0,0,0,65456
8803,786002,16814,0,0,0,16814
8804,786003,19775,0,0,0,19775
8805,786004,34959,1543,1543,0,36502
8806,786005,10537,0,0,0,10537
8807,786006,3314,0,0,0,3314
8808,786007,69422,11,11,0,69433
8809,787001,97576,304,304,0,97880
8810,787002,13477,0,0,0,13477
8811,787003,13499,3022,3022,0,16521
8812,787004,17320,116,116,0,17436
8813,788001,57724,170,170,0,57894
8814,788002,34272,704,704,0,34976
8815,789001,43923,5013,5013,0,48936
8816,789002,27753,4240,4240,0,31993
8817,789003,24993,602,602,0,25595
8818,789004,6536,1076,1076,0,7612
8819,789005,42309,0,0,0,42309
8820,789006,26757,0,0,0,26757
8821,789007,38135,0,0,0,38135
8822,789008,10470,1037,1037,0,11507
8823,789009,25763,0,0,0,25763
8824,790001,49051,2292,2292,0,51343
8825,790002,16704,1980,1980,0,18684
8826,790003,57778,4330,4330,0,62108
8827,791001,147482,730,730,0,148212
8828,791002,97976,43,43,0,98019
8829,791003,10703,0,0,0,10703
8830,792001,93639,0,0,0,93639
8831,792002,38829,2400,2400,0,41229
8832,792003,28137,0,0,0,28137
8833,792004,571441,965,965,0,572406
8834,792005,23369,0,0,0,23369
8835,792006,17760,0,0,0,17760
8836,792007,42051,0,0,0,42051
8837,792008,33928,0,0,0,33928
8838,792009,23856,0,0,0,23856
8839,792010,23414,1113,1113,0,24527
8840,793001,101751,416,416,0,102167
8841,793002,53397,283,283,0,53680
8842,793003,13184,0,0,0,13184
8843,793004,17300,0,0,0,17300
8844,793005,97489,1820,1820,0,99309
8845,793006,19255,0,0,0,19255
8846,793007,12889,0,0,0,12889
8847,793008,22368,35,35,0,22403
8848,793009,14479,25,25,0,14504
8849,793010,54722,0,0,0,54722
8850,793011,35108,339,339,0,35447
8851,793012,17579,0,0,0,17579
8852,793013,38906,0,0,0,38906
8853,793014,30694,654,654,0,31348
8854,793015,86230,3647,3647,0,89877
8855,793016,55586,825,825,0,56411
8856,793017,92803,534,534,0,93337
8857,794001,15462,0,0,0,15462
8858,794002,510619,2280,2280,0,512899
8859,794003,38503,0,0,0,38503
8860,794004,72410,98,98,0,72508
8861,795001,226674,1617,1617,0,228291
8862,795002,46200,0,0,0,46200
8863,795003,33413,241,241,0,33654
8864,795004,67331,102,102,0,67433
8865,795005,21567,0,0,0,21567
8866,796001,72903,11131,11131,0,84034
8867,796002,22887,0,0,0,22887
8868,796003,16592,0,0,0,16592
8869,796004,32163,983,983,0,33146
8870,796005,16734,0,0,0,16734
8871,797001,28143,0,0,0,28143
8872,797002,21792,0,0,0,21792
8873,797003,47445,91,91,0,47536
8874,797004,10055,0,0,0,10055
8875,798001,82993,329,329,0,83322
8876,798002,252581,520,520,0,253101
8877,798003,43513,191,191,0,43704
8878,798004,68112,590,590,0,68702
8879,798005,11228,4421,4421,0,15649
8880,798006,11994,233,233,0,12227
8881,798007,34627,46,46,0,34673
8882,798008,53355,1756,1756,0,55111
8883,798009,30266,0,0,0,30266
8884,798010,81854,359,359,0,82213
8885,798011,27418,0,0,0,27418
8886,799001,150836,0,0,0,150836
8887,800001,20554,0,0,0,20554
8888,800002,87250,4954,4954,0,92204
8889,800003,15423,403,403,0,15826
8890,800004,41442,95,95,0,41537
8891,800005,44197,0,0,0,44197
8892,800006,37780,0,0,0,37780
8893,800007,44538,0,0,0,44538
8894,801001,57490,32,32,0,57522
8895,801002,48844,0,0,0,48844
8896,802001,25990,116,116,0,26106
8897,802002,69656,487,487,0,70143
8898,802003,28604,417,417,0,29021
8899,803001,38486,593,593,0,39079
8900,803002,30178,1361,1361,0,31539
8901,803003,13488,2209,2209,0,15697
8902,803004,90148,5775,5775,0,95923
8903,803005,6484,373,373,0,6857
8904,803006,25729,403,403,0,26132
8905,803007,4316,0,0,0,4316
8906,803008,36576,303,303,0,36879
8907,803009,10898,953,953,0,11851
8908,804001,61073,1185,1185,0,62258
8909,804002,115943,314,314,0,116257
8910,804003,32706,969,969,0,33675
8911,804004,12900,0,0,0,12900
8912,805001,17771,76,76,0,17847
8913,805002,3966,0,0,0,3966
8914,805003,43959,512,512,0,44471
8915,805004,13603,235,235,0,13838
8916,805005,10383,351,351,0,10734
8917,805006,27308,501,501,0,27809
8918,805007,8783,0,0,0,8783
8919,805008,9590,326,326,0,9916
8920,806001,44559,46,46,0,44605
8921,806002,171716,1394,1394,0,173110
8922,806003,12086,806,806,0,12892
8923,806004,11707,1547,1547,0,13254
8924,806005,21900,64,64,0,21964
8925,806006,8401,0,0,0,8401
8926,806007,73282,0,0,0,73282
8927,806008,209124,1292,1292,0,210416
8928,806009,13083,0,0,0,13083
8929,806010,46573,1803,1803,0,48376
8930,806011,27246,1937,1937,0,29183
8931,806012,135360,2483,2483,0,137843
8932,807001,12656,0,0,0,12656
8933,807002,24093,0,0,0,24093
8934,807003,18843,1420,1420,0,20263
8935,807004,37132,0,0,0,37132
8936,807005,12934,0,0,0,12934
8937,807006,15941,0,0,0,15941
8938,807007,11710,0,0,0,11710
8939,808001,16022,0,0,0,16022
8940,808002,65555,657,657,0,66212
8941,808003,28215,0,0,0,28215
8942,808004,198540,2600,2600,0,201140
8943,808005,11424,1049,1049,0,12473
8944,808006,13137,431,431,0,13568
8945,808007,36239,0,0,0,36239
8946,808008,30760,3784,3784,0,34544
8947,808009,82656,713,713,0,83369
8948,808010,28515,0,0,0,28515
8949,808011,25947,1573,1573,0,27520
8950,808012,40036,3501,3501,0,43537
8951,808013,60186,1190,1190,0,61376
8952,808014,63841,102,102,0,63943
8953,808015,27258,108,108,0,27366
8954,808016,39036,12516,12516,0,51552
8955,808017,34740,248,248,0,34988
8956,809001,33726,120,120,0,33846
8957,809002,53228,0,0,0,53228
8958,809003,11865,0,0,0,11865
8959,809004,29337,412,412,0,29749
8960,809005,16189,61,61,0,16250
8961,809006,65104,0,0,0,65104
8962,809007,27758,1,1,0,27759
8963,809008,28093,0,0,0,28093
8964,809009,18306,0,0,0,18306
8965,809010,12546,0,0,0,12546
8966,809011,43408,689,689,0,44097
8967,809012,15157,842,842,0,15999
8968,809013,48221,0,0,0,48221
8969,809014,38888,121,121,0,39009
8970,809015,36603,1842,1842,0,38445
8971,809016,4632,0,0,0,4632
8972,809017,22600,0,0,0,22600
8973,809018,28076,0,0,0,28076
8974,809019,10617,0,0,0,10617
8975,809020,11939,0,0,0,11939
8976,809021,9980,0,0,0,9980
8977,810001,120941,268,268,0,121209
8978,810002,7184,992,992,0,8176
8979,810003,20082,0,0,0,20082
8980,811001,10317,0,0,0,10317
8981,811002,40992,298,298,0,41290
8982,811003,15983,0,0,0,15983
8983,812001,48146,410,410,0,48556
8984,812002,14047,631,631,0,14678
8985,812003,14991,203,203,0,15194
8986,812004,26528,0,0,0,26528
8987,812005,8550,0,0,0,8550
8988,812006,15385,0,0,0,15385
8989,812007,19945,0,0,0,19945
8990,812008,58805,162,162,0,58967
8991,812009,53210,312,312,0,53522
8992,812010,60817,1233,1233,0,62050
8993,812011,23068,224,224,0,23292
8994,812012,10584,89,89,0,10673
8995,813001,63292,0,0,0,63292
8996,813002,52734,3172,3172,0,55906
8997,813003,28615,455,455,0,29070
8998,813004,11958,37,37,0,11995
8999,813005,10291,979,979,0,11270
9000,813006,22346,0,0,0,22346
9001,813007,28618,0,0,0,28618
9002,813008,5722,6860,6860,0,12582
9003,813009,50480,254,254,0,50734
9004,814001,68737,92,92,0,68829
9005,814002,25473,46,46,0,25519
9006,814003,31036,347,347,0,31383
9007,814004,16415,0,0,0,16415
9008,814005,9517,271,271,0,9788
9009,814006,122518,125,125,0,122643
9010,815001,97141,1337,1337,0,98478
9011,815002,64571,0,0,0,64571
9012,815003,34023,0,0,0,34023
9013,815004,12865,0,0,0,12865
9014,815005,17857,0,0,0,17857
9015,815006,105346,8036,8036,0,113382
9016,815007,35954,0,0,0,35954
9017,815008,37952,1703,1703,0,39655
9018,816001,75876,0,0,0,75876
9019,816002,13761,8044,8044,0,21805
9020,816003,22134,1116,1116,0,23250
9021,816004,48273,558,558,0,48831
9022,816005,28721,0,0,0,28721
9023,816006,58484,331,331,0,58815
9024,816007,77089,13099,13099,0,90188
9025,816008,13069,81,81,0,13150
9026,816009,11692,3846,3846,0,15538
9027,816010,53584,1408,1408,0,54992
9028,816011,24951,0,0,0,24951
9029,816012,13913,0,0,0,13913
9030,816013,22723,192,192,0,22915
9031,816014,87482,190,190,0,87672
9032,816015,25740,7740,7740,0,33480
9033,816016,8644,4433,4433,0,13077
9034,816017,13979,16687,16687,0,30666
9035,816018,19184,5200,5200,0,24384
9036,816019,49603,1231,1231,0,50834
9037,816020,2526,0,0,0,2526
9038,817001,55771,299,299,0,56070
9039,817002,13280,0,0,0,13280
9040,817003,40294,0,0,0,40294
9041,818001,14334,176,176,0,14510
9042,818002,13935,225,225,0,14160
9043,818003,69251,6562,6562,0,75813
9044,818004,19558,1471,1471,0,21029
9045,818005,6267,265,265,0,6532
9046,818006,33550,358,358,0,33908
9047,819001,85542,1073,1073,0,86615
9048,819002,93221,0,0,0,93221
9049,820001,115995,851,851,0,116846
9050,820002,34391,0,0,0,34391
9051,820003,67925,909,909,0,68834
9052,820004,30815,788,788,0,31603
9053,820005,9563,0,0,0,9563
9054,821001,10798,0,0,0,10798
9055,821002,17100,0,0,0,17100
9056,821003,139736,0,0,0,139736
9057,821004,214585,2266,2266,0,216851
9058,821005,59607,1020,1020,0,60627
9059,821006,26800,7148,7148,0,33948
9060,821007,25953,0,0,0,25953
9061,821008,54369,0,0,0,54369
9062,821009,35148,690,690,0,35838
9063,822001,76479,0,0,0,76479
9064,822002,11994,0,0,0,11994
9065,822003,108993,0,0,0,108993
9066,822004,69440,478,478,0,69918
9067,822005,10409,0,0,0,10409
9068,822006,22067,97,97,0,22164
9069,822007,22402,184,184,0,22586
9070,823001,38897,196,196,0,39093
9071,823002,48144,55,55,0,48199
9072,823003,52338,396,396,0,52734
9073,823004,10424,85,85,0,10509
9074,823005,44429,150,150,0,44579
9075,823006,65523,2585,2585,0,68108
9076,823007,8934,0,0,0,8934
9077,823008,30201,0,0,0,30201
9078,824001,7628,0,0,0,7628
9079,824002,68779,1172,1172,0,69951
9080,824003,8152,0,0,0,8152
9081,824004,12761,0,0,0,12761
9082,824005,35402,0,0,0,35402
9083,824006,20253,0,0,0,20253
9084,824007,19605,205,205,0,19810
9085,824008,4649,0,0,0,4649
9086,825001,22024,0,0,0,22024
9087,825002,7287,0,0,0,7287
9088,825003,4777,0,0,0,4777
9089,825004,48564,1653,1653,0,50217
9090,825005,10215,0,0,0,10215
9091,825006,120131,790,790,0,120921
9092,825007,119626,261,261,0,119887
9093,825008,15567,154,154,0,15721
9094,825009,15065,0,0,0,15065
9095,825010,48400,248,248,0,48648
9096,825011,78382,222,222,0,78604
9097,825012,18445,84,84,0,18529
9098,825013,26232,64,64,0,26296
9099,825014,5121,0,0,0,5121
9100,825015,37463,393,393,0,37856
9101,825016,62574,311,311,0,62885
9102,825017,13185,0,0,0,13185
9103,826001,142133,1110,1110,0,143243
9104,826002,18365,0,0,0,18365
9105,826003,17355,0,0,0,17355
9106,826004,39263,867,867,0,40130
9107,826005,34645,81,81,0,34726
9108,826006,91076,1085,1085,0,92161
9109,826007,39179,1400,1400,0,40579
9110,826008,32487,111,111,0,32598
9111,826009,31748,471,471,0,32219
9112,826010,12497,0,0,0,12497
9113,826011,131165,60,60,0,131225
9114,826012,20854,1018,1018,0,21872
9115,826013,69954,194,194,0,70148
9116,826014,29727,0,0,0,29727
9117,826015,21704,181,181,0,21885
9118,826016,16803,0,0,0,16803
9119,826017,20517,193,193,0,20710
9120,826018,74770,1156,1156,0,75926
9121,826019,43061,236,236,0,43297
9122,826020,21366,735,735,0,22101
9123,826021,16782,0,0,0,16782
9124,826022,26433,0,0,0,26433
9125,826023,42724,4765,4765,0,47489
9126,826024,12159,260,260,0,12419
9127,826025,7912,0,0,0,7912
9128,827001,9509,2851,2851,0,12360
9129,827002,38175,1948,1948,0,40123
9130,827003,6998,482,482,0,7480
9131,827004,35473,0,0,0,35473
9132,827005,5569,637,637,0,6206
9133,827006,137862,5560,5560,0,143422
9134,828001,35623,804,804,0,36427
9135,828002,7815,2016,2016,0,9831
9136,828003,18631,0,0,0,18631
9137,828004,39942,164,164,0,40106
9138,828005,58214,0,0,0,58214
9139,828006,36707,187,187,0,36894
9140,828007,22249,0,0,0,22249
9141,828008,50909,410,410,0,51319
9142,828009,32317,4934,4934,0,37251
9143,828010,125600,166,166,0,125766
9144,828011,169281,0,0,0,169281
9145,828012,105051,492,492,0,105543
9146,828013,21449,0,0,0,21449
9147,828014,47394,563,563,0,47957
9148,828015,14609,1630,1630,0,16239
9149,828016,114039,0,0,0,114039
9150,828017,68344,203,203,0,68547
9151,828018,22697,11970,11970,0,34667
9152,828019,36944,0,0,0,36944
9153,828020,15054,0,0,0,15054
9154,828021,18941,62,62,0,19003
9155,829001,21909,0,0,0,21909
9156,829002,3699,0,0,0,3699
9157,829003,5454,0,0,0,5454
9158,829004,54384,1941,1941,0,56325
9159,829005,6708,0,0,0,6708
9160,830001,6733,0,0,0,6733
9161,830002,5275,2180,2180,0,7455
9162,830003,10656,0,0,0,10656
9163,830004,59015,314,314,0,59329
9164,830005,21797,579,579,0,22376
9165,830006,19566,714,714,0,20280
9166,830007,122378,701,701,0,123079
9167,830008,64438,11833,11833,0,76271
9168,830009,7630,435,435,0,8065
9169,830010,16115,270,270,0,16385
9170,830011,8362,0,0,0,8362
9171,830012,7103,279,279,0,7382
9172,830013,13727,390,390,0,14117
9173,830014,100146,391,391,0,100537
9174,830015,12932,0,0,0,12932
9175,830016,10311,0,0,0,10311
9176,830017,24231,381,381,0,24612
9177,830018,15201,170,170,0,15371
9178,830019,20024,0,0,0,20024
9179,830020,38788,326,326,0,39114
9180,830021,26890,108,108,0,26998
9181,830022,29865,1763,1763,0,31628
9182,831001,163595,498,498,0,164093
9183,831002,26591,205,205,0,26796
9184,831003,25778,0,0,0,25778
9185,832001,20972,0,0,0,20972
9186,832002,24866,0,0,0,24866
9187,832003,14687,0,0,0,14687
9188,832004,115386,695,695,0,116081
9189,832005,47468,0,0,0,47468
9190,832006,10159,0,0,0,10159
9191,832007,52417,0,0,0,52417
9192,832008,21820,1,1,0,21821
9193,832009,43975,0,0,0,43975
9194,832010,61449,0,0,0,61449
9195,832011,44981,126,126,0,45107
9196,832012,108170,0,0,0,108170
9197,832013,104126,0,0,0,104126
9198,832014,79889,3300,3300,0,83189
9199,832015,41773,0,0,0,41773
9200,832016,30799,0,0,0,30799
9201,832017,22667,0,0,0,22667
9202,832018,6407,0,0,0,6407
9203,832019,14807,0,0,0,14807
9204,832020,7272,0,0,0,7272
9205,832021,8605,0,0,0,8605
9206,833001,37620,634,634,0,38254
9207,833002,20000,0,0,0,20000
9208,833003,38170,0,0,0,38170
9209,833004,12455,1396,1396,0,13851
9210,833005,48453,0,0,0,48453
9211,833006,295636,2399,2399,0,298035
9212,833007,27448,0,0,0,27448
9213,833008,18770,0,0,0,18770
9214,833009,49349,188,188,0,49537
9215,833010,23541,357,357,0,23898
9216,833011,26125,144,144,0,26269
9217,834001,217169,1635,1635,0,218804
9218,834002,60585,0,0,0,60585
9219,834003,48492,89,89,0,48581
9220,834004,41944,227,227,0,42171
9221,835001,106831,980,980,0,107811
9222,836001,35984,0,0,0,35984
9223,837001,17374,226,226,0,17600
9224,837002,15008,85,85,0,15093
9225,837003,10583,0,0,0,10583
9226,837004,88320,0,0,0,88320
9227,837005,38381,0,0,0,38381
9228,838001,28189,67,67,0,28256
9229,838002,6084,0,0,0,6084
9230,838003,37482,117,117,0,37599
9231,838004,38446,48,48,0,38494
9232,838005,7041,0,0,0,7041
9233,838006,5556,0,0,0,5556
9234,838007,13296,0,0,0,13296
9235,838008,12969,0,0,0,12969
9236,838009,25223,0,0,0,25223
9237,838010,20834,0,0,0,20834
9238,838011,58997,492,492,0,59489
9239,838012,77369,386,386,0,77755
9240,838013,55002,462,462,0,55464
9241,838014,31494,47,47,0,31541
9242,838015,73620,2695,2695,0,76315
9243,838016,14582,0,0,0,14582
9244,838017,63547,428,428,0,63975
9245,839001,129507,0,0,0,129507
9246,839002,21725,0,0,0,21725
9247,840001,87179,16649,16649,0,103828
9248,840002,37054,0,0,0,37054
9249,840003,39841,12485,12485,0,52326
9250,841001,22618,30277,30277,0,52895
9251,841002,445967,49144,49144,0,495111
9252,843001,24064,5514,5514,0,29578
9253,843002,6276,4276,4276,0,10552
9254,843003,26529,0,0,0,26529
9255,843004,34160,0,0,0,34160
9256,844001,49371,10751,10751,0,60122
9257,844002,30705,0,0,0,30705
9258,844003,56811,0,0,0,56811
9259,846001,77929,1321,1321,0,79250
9260,846002,21135,47704,47704,0,68839
9261,846003,83820,6975,6975,0,90795
9262,846004,16922,15884,15884,0,32806
9263,846005,24949,82,82,0,25031
9264,847001,29631,0,0,0,29631
9265,847002,41076,184,184,0,41260
9266,847003,12720,6401,6401,0,19121
9267,848001,7144,89622,89622,0,96766
9268,848002,15996,0,0,0,15996
9269,849001,26522,0,0,0,26522
9270,849002,42594,0,0,0,42594
9271,849003,49991,0,0,0,49991
9272,849004,75005,0,0,0,75005
9273,849005,34080,0,0,0,34080
9274,849006,89351,0,0,0,89351
9275,849007,22834,0,0,0,22834
9276,849008,47525,0,0,0,47525
9277,849009,468648,0,0,0,468648
9278,849010,56893,0,0,0,56893
9279,850001,4444,0,0,0,4444
9280,850002,31676,0,0,0,31676
9281,850003,78311,0,0,0,78311
9282,850004,173035,0,0,0,173035
9283,850005,19851,0,0,0,19851
9284,851001,17815,79494,79494,0,97309
9285,851002,53080,845,845,0,53925
9286,851003,48501,173,173,0,48674
9287,852001,85574,0,0,0,85574
9288,852002,19501,0,0,0,19501
9289,852003,60611,0,0,0,60611
9290,852004,33488,0,0,0,33488
9291,852005,106185,0,0,0,106185
9292,853001,60461,0,0,0,60461
9293,854001,79141,870,870,0,80011
9294,854002,44932,150,150,0,45082
9295,855001,26466,77,77,0,26543
9296,855002,34642,2179,2179,0,36821
9297,856001,86492,0,0,0,86492
9298,856002,17789,0,0,0,17789
9299,856003,452587,0,0,0,452587
9300,856004,11716,0,0,0,11716
9301,856005,15879,0,0,0,15879
9302,857001,200215,81,81,0,200296
9303,858001,224810,0,0,0,224810
9304,858002,25218,0,0,0,25218
9305,858003,130361,184,184,0,130545
9306,859001,826669,525,525,0,827194
9307,859002,118864,250,250,0,119114
9308,859003,177420,14,14,0,177434
9309,860001,111550,0,0,0,111550
9310,861001,264123,93,93,0,264216
9311,862001,849664,5100,5100,0,854764
9312,862002,229300,586,586,0,229886
9313,862003,11942,2228,2228,0,14170
9314,862004,211709,1229,1229,0,212938
9315,862005,135559,9803,9803,0,145362
9316,863001,335888,72648,72648,0,408536
9317,863002,127413,12505,12505,0,139918
9318,863003,42723,5580,5580,0,48303
9319,864001,22032,0,0,0,22032
9320,864002,134563,270,270,0,134833
9321,864003,119294,0,0,0,119294
9322,864004,344070,0,0,0,344070
9323,864005,285718,0,0,0,285718
9324,864006,254470,0,0,0,254470
9325,864007,10119,0,0,0,10119
9326,864008,57500,0,0,0,57500
9327,865001,148093,0,0,0,148093
9328,865002,336625,0,0,0,336625
9329,865003,349780,0,0,0,349780
9330,866001,305143,129,129,0,305272
9331,866002,303780,0,0,0,303780
9332,866003,75863,0,0,0,75863
9333,866004,50920,0,0,0,50920
9334,866005,310887,0,0,0,310887
9335,866006,70130,0,0,0,70130
9336,867001,292929,0,0,0,292929
9337,867002,113452,224,224,0,113676
9338,867003,36194,0,0,0,36194
9339,867004,82372,26,26,0,82398
9340,867005,218538,0,0,0,218538
9341,868001,485072,120,120,0,485192
9342,868002,32737,3519,3519,0,36256
9343,868003,237508,55,55,0,237563
9344,868004,54322,1464,1464,0,55786
9345,868005,191502,45,45,0,191547
9346,868006,89910,0,0,0,89910
9347,868007,16117,223,223,0,16340
9348,868008,235003,0,0,0,235003
9349,868009,80484,0,0,0,80484
9350,868010,349380,290,290,0,349670
9351,868011,68280,0,0,0,68280
9352,869001,71259,790,790,0,72049
9353,869002,86654,238,238,0,86892
9354,869003,14666,1884,1884,0,16550
9355,869004,18586,0,0,0,18586
9356,870001,567131,195,195,0,567326
9357,870002,38484,26,26,0,38510
9358,870003,36649,0,0,0,36649
9359,870004,320090,1,1,0,320091
9360,870005,999160,331,331,0,999491
9361,870006,35768,0,0,0,35768
9362,870007,23386,0,0,0,23386
9363,870008,47012,0,0,0,47012
9364,870009,57343,92,92,0,57435
9365,870010,66738,0,0,0,66738
9366,870011,206362,94,94,0,206456
9367,870012,70057,258,258,0,70315
9368,870013,35083,0,0,0,35083
9369,870014,65532,0,0,0,65532
9370,870015,222836,100,100,0,222936
9371,870016,562447,221,221,0,562668
9372,870017,250194,375,375,0,250569
9373,870018,12226,0,0,0,12226
9374,870019,130824,429,429,0,131253
9375,870020,35860,0,0,0,35860
9376,870021,194352,73,73,0,194425
9377,870022,114665,177,177,0,114842
9378,870023,69762,666,666,0,70428
9379,870024,61776,0,0,0,61776
9380,870025,1006812,536,536,0,1007348
9381,870026,50396,0,0,0,50396
9382,870027,106994,0,0,0,106994
9383,870028,104412,928,928,0,105340
9384,870029,553,483,483,0,1036
9385,871001,138202,547,547,0,138749
9386,871002,9670,0,0,0,9670
9387,871003,14997,101,101,0,15098
9388,872001,139645,0,0,0,139645
9389,872002,544372,148,148,0,544520
9390,872003,24259,0,0,0,24259
9391,872004,175031,0,0,0,175031
9392,872005,57846,0,0,0,57846
9393,872006,147730,0,0,0,147730
9394,872007,215153,0,0,0,215153
9395,872008,173678,0,0,0,173678
9396,873001,113691,673,673,0,114364
9397,873002,11101,0,0,0,11101
9398,874001,814991,428,428,0,815419
9399,874002,345233,116,116,0,345349
9400,874003,224100,1011,1011,0,225111
9401,875001,591077,0,0,0,591077
9402,875002,695803,3273,3273,0,699076
9403,875003,18095,60,60,0,18155
9404,875004,9900,109,109,0,10009
9405,876001,503854,857,857,0,504711
9406,876002,177297,670,670,0,177967
9407,876003,71466,6,6,0,71472
9408,876004,47852,47,47,0,47899
9409,876005,151686,1593,1593,0,153279
9410,876006,76872,334,334,0,77206
9411,876007,170173,66,66,0,170239
9412,877001,1348943,977,977,0,1349920
9413,877002,101637,3481,3481,0,105118
9414,878001,416265,1503,1503,0,417768
9415,879001,394356,2582,2582,0,396938
9416,879002,112051,4704,4704,0,116755
9417,879003,94510,1219,1219,0,95729
9418,879004,7424,0,0,0,7424
9419,880001,252162,71,71,0,252233
9420,880002,597019,828,828,0,597847
9421,880003,117871,3909,3909,0,121780
9422,880004,607344,1927,1927,0,609271
9423,880005,43781,0,0,0,43781
9424,880006,20954,0,0,0,20954
9425,880007,314194,143,143,0,314337
9426,880008,90801,107,107,0,90908
9427,880009,135965,0,0,0,135965
9428,881001,51522,21310,21310,0,72832
9429,881002,593461,2,2,0,593463
9430,881003,96581,17335,17335,0,113916
9431,881004,30963,0,0,0,30963
9432,881005,21893,0,0,0,21893
9433,881006,15686,2276,2276,0,17962
9434,881007,255125,0,0,0,255125
9435,882001,236054,0,0,0,236054
9436,882002,824075,90,90,0,824165
9437,882003,19516,0,0,0,19516
9438,883001,31600,0,0,0,31600
9439,883002,23012,0,0,0,23012
9440,883003,44685,2812,2812,0,47497
9441,883004,1028708,397,397,0,1029105
9442,883005,70434,0,0,0,70434
9443,884001,222052,2158,2158,0,224210
9444,885001,55079,5,5,0,55084
9445,885002,38906,72,72,0,38978
9446,885003,101662,8746,8746,0,110408
9447,885004,38044,651,651,0,38695
9448,886001,125987,211,211,0,126198
9449,887001,132204,3132,3132,0,135336
9450,887002,20063,0,0,0,20063
9451,887003,26550,0,0,0,26550
9452,887004,20681,0,0,0,20681
9453,888001,20236,140,140,0,20376
9454,888002,7304,0,0,0,7304
9455,888003,206706,0,0,0,206706
9456,888004,158786,140,140,0,158926
9457,888005,129434,419,419,0,129853
9458,888006,11543,0,0,0,11543
9459,888007,7787,0,0,0,7787
9460,888008,121157,237,237,0,121394
9461,888009,7538,0,0,0,7538
9462,888010,7529,10,10,0,7539
9463,888011,49751,0,0,0,49751
9464,888012,14649,0,0,0,14649
9465,888013,35698,0,0,0,35698
9466,889001,800878,15,15,0,800893
9467,889002,14299,0,0,0,14299
9468,889003,17638,0,0,0,17638
9469,889004,32579,0,0,0,32579
9470,889005,7430,0,0,0,7430
9471,889006,3109,0,0,0,3109
9472,889007,60318,0,0,0,60318
9473,889008,29623,0,0,0,29623
9474,889009,21467,2210,2210,0,23677
9475,889010,121387,337,337,0,121724
9476,889011,24944,628,628,0,25572
9477,889012,7453,404,404,0,7857
9478,889013,7621,192,192,0,7813
9479,889014,6451,67,67,0,6518
9480,889015,31145,405,405,0,31550
9481,889016,45463,0,0,0,45463
9482,889017,84788,0,0,0,84788
9483,889018,10060,0,0,0,10060
9484,890001,50998,0,0,0,50998
9485,890002,196119,300,300,0,196419
9486,890003,340327,3898,3898,0,344225
9487,891001,359550,457,457,0,360007
9488,892001,34946,350,350,0,35296
9489,892002,67224,5448,5448,0,72672
9490,892003,23135,0,0,0,23135
9491,892004,91865,39163,39163,0,131028
9492,892005,222426,14071,14071,0,236497
9493,892006,80511,3447,3447,0,83958
9494,893001,80061,840,840,0,80901
9495,894001,455237,33382,33382,0,488619
9496,895001,96575,705,705,0,97280
9497,895002,5050,1516,1516,0,6566
9498,895003,65786,5,5,0,65791
9499,896001,38451,0,0,0,38451
9500,896002,23435,5286,5286,0,28721
9501,896003,488885,287,287,0,489172
9502,897001,26445,0,0,0,26445
9503,897002,343029,3012,3012,0,346041
9504,897003,146418,492,492,0,146910
9505,897004,188394,7065,7065,0,195459
9506,897005,84154,185,185,0,84339
9507,897006,248635,147,147,0,248782
9508,897007,43168,1656,1656,0,44824
9509,897008,67780,14488,14488,0,82268
9510,897009,147811,935,935,0,148746
9511,897010,473270,16700,16700,0,489970
9512,897011,298038,14140,14140,0,312178
9513,898001,622901,101,101,0,623002
9514,898002,138458,477,477,0,138935
9515,898003,183090,5718,5718,0,188808
9516,898004,261675,10246,10246,0,271921
9517,898005,140127,0,0,0,140127
9518,899001,293153,8710,8710,0,301863
9519,899002,27443,0,0,0,27443
9520,900001,158348,6401,6401,0,164749
9521,900002,192063,11930,11930,0,203993
9522,900003,30164,65,65,0,30229
9523,901001,248155,5232,5232,0,253387
9524,901002,149088,270,270,0,149358
9525,901003,88801,127,127,0,88928
9526,901004,19141,0,0,0,19141
9527,901005,218587,15311,15311,0,233898
9528,901006,189494,667,667,0,190161
9529,901007,42634,1220,1220,0,43854
9530,901008,70891,0,0,0,70891
9531,901009,115096,0,0,0,115096
9532,901010,405708,9269,9269,0,414977
9533,901011,335471,121,121,0,335592
9534,901012,97908,491,491,0,98399
9535,901013,91588,6005,6005,0,97593
9536,901014,148045,765,765,0,148810
9537,901015,90832,3601,3601,0,94433
9538,902001,135560,2677,2677,0,138237
9539,902002,66101,5076,5076,0,71177
9540,903001,130065,4935,4935,0,135000
9541,903002,230248,3524,3524,0,233772
9542,903003,55655,412,412,0,56067
9543,903004,343923,15585,15585,0,359508
9544,903005,261962,6062,6062,0,268024
9545,904001,280820,24470,24470,0,305290
9546,905001,118228,4961,4961,0,123189
9547,905002,172856,16233,16233,0,189089
9548,905003,45479,591,591,0,46070
9549,905004,49582,5939,5939,0,55521
9550,905005,89202,0,0,0,89202
9551,905006,36724,1442,1442,0,38166
9552,905007,87911,6315,6315,0,94226
9553,905008,128088,21060,21060,0,149148
9554,905009,960,630,630,0,1590
9555,905010,13264,1605,1605,0,14869
9556,905011,42193,426,426,0,42619
9557,905012,44025,356,356,0,44381
9558,905013,50395,202,202,0,50597
9559,905014,46223,2414,2414,0,48637
9560,905015,19116,814,814,0,19930
9561,905016,719939,38583,38583,0,758522
9562,905017,118236,13607,13607,0,131843
9563,906001,90022,710,710,0,90732
9564,907001,38113,0,0,0,38113
9565,907002,17330,0,0,0,17330
9566,907003,203395,2234,2234,0,205629
9567,908001,115915,184,184,0,116099
9568,908002,170525,821,821,0,171346
9569,909001,149015,2734,2734,0,151749
9570,909002,223929,3784,3784,0,227713
9571,909003,37464,0,0,0,37464
9572,910001,41247,913,913,0,42160
9573,910002,38594,3030,3030,0,41624
9574,910003,9755,1121,1121,0,10876
9575,910004,204158,4777,4777,0,208935
9576,911001,117639,0,0,0,117639
9577,911002,52271,3986,3986,0,56257
9578,911003,2032,445,445,0,2477
9579,911004,50778,1209,1209,0,51987
9580,911005,101857,2223,2223,0,104080
9581,911006,38320,0,0,0,38320
9582,911007,617519,1236,1236,0,618755
9583,911008,32831,33,33,0,32864
9584,911009,16271,0,0,0,16271
9585,911010,146285,0,0,0,146285
9586,911011,18727,0,0,0,18727
9587,912001,15219,0,0,0,15219
9588,912002,13807,112,112,0,13919
9589,912003,58044,0,0,0,58044
9590,912004,35740,0,0,0,35740
9591,912005,889643,5148,5148,0,894791
9592,912006,155248,0,0,0,155248
9593,912007,28633,0,0,0,28633
9594,913001,169785,885,885,0,170670
9595,913002,17807,0,0,0,17807
9596,913003,135013,384,384,0,135397
9597,914001,244537,885,885,0,245422
9598,914002,118931,918,918,0,119849
9599,914003,19665,0,0,0,19665
9600,914004,52740,0,0,0,52740
9601,914005,153236,743,743,0,153979
9602,914006,35894,869,869,0,36763
9603,914007,164380,998,998,0,165378
9604,914008,5051,0,0,0,5051
9605,915001,46242,118,118,0,46360
9606,915002,26323,3591,3591,0,29914
9607,915003,151483,4337,4337,0,155820
9608,915004,68319,0,0,0,68319
9609,915005,42297,180,180,0,42477
9610,915006,186572,6161,6161,0,192733
9611,915007,60397,215,215,0,60612
9612,915008,2577,2840,2840,0,5417
9613,915009,153995,6759,6759,0,160754
9614,915010,63667,0,0,0,63667
9615,915011,8565,0,0,0,8565
9616,915012,10696,636,636,0,11332
9617,915013,29385,61,61,0,29446
9618,915014,4716,233,233,0,4949
9619,915015,16777,0,0,0,16777
9620,915016,29992,0,0,0,29992
9621,915017,2642,88,88,0,2730
9622,916001,136133,2524,2524,0,138657
9623,916002,2921,0,0,0,2921
9624,916003,9545,49,49,0,9594
9625,916004,26705,9165,9165,0,35870
9626,916005,23945,460,460,0,24405
9627,916006,29967,0,0,0,29967
9628,916007,36554,3576,3576,0,40130
9629,916008,181895,222,222,0,182117
9630,916009,17733,1078,1078,0,18811
9631,916010,21999,6154,6154,0,28153
9632,916011,28035,8085,8085,0,36120
9633,917001,38057,492,492,0,38549
9634,917002,30082,0,0,0,30082
9635,917003,26155,0,0,0,26155
9636,917004,57355,275,275,0,57630
9637,917005,5511,0,0,0,5511
9638,917006,7149,3808,3808,0,10957
9639,917007,52419,164,164,0,52583
9640,917008,5432,0,0,0,5432
9641,917009,10503,0,0,0,10503
9642,917010,13285,0,0,0,13285
9643,917011,5571,0,0,0,5571
9644,917012,24738,0,0,0,24738
9645,917013,32415,440,440,0,32855
9646,917014,23342,609,609,0,23951
9647,917015,6912,28,28,0,6940
9648,917016,3848,0,0,0,3848
9649,917017,13729,1188,1188,0,14917
9650,917018,32563,583,583,0,33146
9651,917019,41607,192,192,0,41799
9652,917020,20387,112,112,0,20499
9653,917021,3567,0,0,0,3567
9654,917022,25151,0,0,0,25151
9655,917023,90594,269,269,0,90863
9656,917024,17208,0,0,0,17208
9657,917025,69221,1100,1100,0,70321
9658,917026,37353,2111,2111,0,39464
9659,917027,5804,0,0,0,5804
9660,917028,7952,0,0,0,7952
9661,917029,11802,0,0,0,11802
9662,917030,13957,0,0,0,13957
9663,917031,2476,923,923,0,3399
9664,917032,67085,1226,1226,0,68311
9665,917033,9787,335,335,0,10122
9666,917034,45708,0,0,0,45708
9667,917035,86610,1,1,0,86611
9668,917036,28966,266,266,0,29232
9669,918001,64577,19049,19049,0,83626
9670,918002,44128,7610,7610,0,51738
9671,918003,21641,0,0,0,21641
9672,918004,4405,0,0,0,4405
9673,918005,7864,0,0,0,7864
9674,918006,37343,332,332,0,37675
9675,918007,2725,1135,1135,0,3860
9676,918008,74352,21584,21584,0,95936
9677,918009,16414,0,0,0,16414
9678,918010,2862,44,44,0,2906
9679,918011,9733,0,0,0,9733
9680,918012,5166,2105,2105,0,7271
9681,918013,8341,1646,1646,0,9987
9682,918014,2228,184,184,0,2412
9683,918015,8964,121,121,0,9085
9684,918016,47358,6812,6812,0,54170
9685,918017,679,233,233,0,912
9686,918018,16508,3966,3966,0,20474
9687,918019,3490,0,0,0,3490
9688,918020,32824,0,0,0,32824
9689,918021,22731,0,0,0,22731
9690,918022,64633,0,0,0,64633
9691,918023,12352,11222,11222,0,23574
9692,918024,5364,0,0,0,5364
9693,918025,5422,0,0,0,5422
9694,918026,128860,1448,1448,0,130308
9695,918027,113910,14942,14942,0,128852
9696,918028,8141,0,0,0,8141
9697,918029,6282,0,0,0,6282
9698,918030,41260,46,46,0,41306
9699,918031,8483,0,0,0,8483
9700,918032,10183,0,0,0,10183
9701,918033,31078,0,0,0,31078
9702,918034,9428,12,12,0,9440
9703,918035,6151,0,0,0,6151
9704,918036,7120,0,0,0,7120
9705,918037,5231,0,0,0,5231
9706,918038,4396,0,0,0,4396
9707,918039,32952,0,0,0,32952
9708,918040,14114,0,0,0,14114
9709,918041,39498,113,113,0,39611
9710,918042,25091,0,0,0,25091
9711,918043,41328,358,358,0,41686
9712,918044,15866,140,140,0,16006
9713,918045,10900,0,0,0,10900
9714,918046,33938,0,0,0,33938
9715,918047,10879,0,0,0,10879
9716,918048,17384,0,0,0,17384
9717,918049,6576,0,0,0,6576
9718,918050,23597,0,0,0,23597
9719,918051,7561,0,0,0,7561
9720,919001,19998,1007,1007,0,21005
9721,919002,61669,676,676,0,62345
9722,919003,136616,2127,2127,0,138743
9723,919004,9334,0,0,0,9334
9724,919005,45835,239,239,0,46074
9725,919006,117913,2038,2038,0,119951
9726,919007,17245,681,681,0,17926
9727,919008,23637,178,178,0,23815
9728,919009,82835,2489,2489,0,85324
9729,919010,17368,0,0,0,17368
9730,919011,64867,240,240,0,65107
9731,919012,53708,214,214,0,53922
9732,919013,184562,1002,1002,0,185564
9733,919014,117766,747,747,0,118513
9734,919015,16310,186,186,0,16496
9735,919016,35663,0,0,0,35663
9736,919017,20304,0,0,0,20304
9737,919018,63854,2688,2688,0,66542
9738,919019,1684,0,0,0,1684
9739,919020,1470,0,0,0,1470
9740,919021,1049,0,0,0,1049
9741,919022,2874,0,0,0,2874
9742,919023,14584,0,0,0,14584
9743,920001,44088,0,0,0,44088
9744,920002,24888,0,0,0,24888
9745,920003,160618,2236,2236,0,162854
9746,920004,24276,0,0,0,24276
9747,920005,21919,88,88,0,22007
9748,920006,19964,0,0,0,19964
9749,920007,19754,0,0,0,19754
9750,920008,49981,802,802,0,50783
9751,920009,21300,0,0,0,21300
9752,920010,3103,0,0,0,3103
9753,920011,20414,0,0,0,20414
9754,920012,8574,92,92,0,8666
9755,920013,14158,0,0,0,14158
9756,920014,164321,331,331,0,164652
9757,920015,17222,0,0,0,17222
9758,920016,3465,34,34,0,3499
9759,920017,13198,29,29,0,13227
9760,920018,5288,0,0,0,5288
9761,920019,5800,0,0,0,5800
9762,920020,34320,32,32,0,34352
9763,920021,5593,0,0,0,5593
9764,920022,26414,0,0,0,26414
9765,920023,7544,4,4,0,7548
9766,920024,7342,77,77,0,7419
9767,920025,3108,0,0,0,3108
9768,920026,94758,1437,1437,0,96195
9769,920027,5640,0,0,0,5640
9770,920028,8869,0,0,0,8869
9771,920029,19458,70,70,0,19528
9772,920030,29663,0,0,0,29663
9773,920031,23322,239,239,0,23561
9774,920032,66226,0,0,0,66226
9775,920033,9501,2171,2171,0,11672
9776,920034,28439,0,0,0,28439
9777,920035,28289,619,619,0,28908
9778,920036,17237,84,84,0,17321
9779,920037,44840,1129,1129,0,45969
9780,920038,44594,0,0,0,44594
9781,920039,9487,0,0,0,9487
9782,920040,98971,760,760,0,99731
9783,920041,118438,71,71,0,118509
9784,920042,4520,0,0,0,4520
9785,920043,112727,583,583,0,113310
9786,920044,30498,0,0,0,30498
9787,920045,2996,283,283,0,3279
9788,920046,75426,1102,1102,0,76528
9789,920047,9371,0,0,0,9371
9790,920048,4894,303,303,0,5197
9791,920049,42602,52,52,0,42654
9792,920050,27263,0,0,0,27263
9793,920051,12984,0,0,0,12984
9794,920052,2452,0,0,0,2452
9795,920053,28349,0,0,0,28349
9796,920054,61676,73,73,0,61749
9797,920055,38024,0,0,0,38024
9798,920056,10508,0,0,0,10508
9799,920057,3313,0,0,0,3313
9800,920058,38747,126,126,0,38873
9801,920059,26328,0,0,0,26328
9802,920060,38605,323,323,0,38928
9803,920061,7614,0,0,0,7614
9804,920062,99999,201,201,0,100200
9805,920063,25935,0,0,0,25935
9806,920064,12061,0,0,0,12061
9807,920065,69191,1393,1393,0,70584
9808,920066,16499,0,0,0,16499
9809,920067,11199,129,129,0,11328
9810,920068,6689,0,0,0,6689
9811,920069,24447,299,299,0,24746
9812,920070,73593,587,587,0,74180
9813,920071,43339,0,0,0,43339
9814,920072,36481,1480,1480,0,37961
9815,920073,29147,1,1,0,29148
9816,920074,3528,0,0,0,3528
9817,920075,74856,7752,7752,0,82608
9818,920076,25309,92,92,0,25401
9819,920077,2445,0,0,0,2445
9820,920078,46293,66,66,0,46359
9821,920079,151416,401,401,0,151817
9822,920080,18861,0,0,0,18861
9823,920081,22842,0,0,0,22842
9824,920082,2991,80,80,0,3071
9825,920083,9285,0,0,0,9285
9826,920084,8681,0,0,0,8681
9827,920085,11300,0,0,0,11300
9828,920086,13973,321,321,0,14294
9829,920087,9249,0,0,0,9249
9830,920088,2351,0,0,0,2351
9831,920089,146380,84,84,0,146464
9832,920090,21675,434,434,0,22109
9833,920091,29886,170,170,0,30056
9834,920092,97068,0,0,0,97068
9835,920093,5528,0,0,0,5528
9836,920094,2252,0,0,0,2252
9837,920095,90355,1186,1186,0,91541
9838,920096,13910,0,0,0,13910
9839,920097,29263,0,0,0,29263
9840,920098,36924,0,0,0,36924
9841,920099,12105,0,0,0,12105
9842,920100,20656,72,72,0,20728
9843,920101,1647,0,0,0,1647
9844,920102,84057,105,105,0,84162
9845,920103,10635,0,0,0,10635
9846,920104,19354,620,620,0,19974
9847,920105,1679,0,0,0,1679
9848,920106,2529,0,0,0,2529
9849,920107,31794,0,0,0,31794
9850,920108,12973,0,0,0,12973
9851,920109,19857,0,0,0,19857
9852,920110,17890,2088,2088,0,19978
9853,920111,6507,0,0,0,6507
9854,920112,9983,0,0,0,9983
9855,920113,12405,0,0,0,12405
9856,920114,11122,0,0,0,11122
9857,920115,15127,0,0,0,15127
9858,920116,3962,427,427,0,4389
9859,920117,6889,3803,3803,0,10692
9860,920118,5949,3454,3454,0,9403
9861,920119,36160,60,60,0,36220
9862,920120,8104,0,0,0,8104
9863,921001,154396,448,448,0,154844
9864,921002,51024,484,484,0,51508
9865,921003,62219,9626,9626,0,71845
9866,921004,3534,0,0,0,3534
9867,921005,15379,0,0,0,15379
9868,921006,78757,333,333,0,79090
9869,921007,10097,0,0,0,10097
9870,922001,26466,31,31,0,26497
9871,922002,43164,429,429,0,43593
9872,922003,18291,0,0,0,18291
9873,922004,103218,1360,1360,0,104578
9874,922005,17942,0,0,0,17942
9875,922006,60319,1116,1116,0,61435
9876,922007,123148,10,10,0,123158
9877,922008,53193,118,118,0,53311
9878,922009,54310,188,188,0,54498
9879,922010,32897,2604,2604,0,35501
9880,922011,7411,16,16,0,7427
9881,922012,67149,397,397,0,67546
9882,922013,45044,83,83,0,45127
9883,922014,83184,44,44,0,83228
9884,922015,15097,0,0,0,15097
9885,922016,104645,149,149,0,104794
9886,922017,9238,0,0,0,9238
9887,922018,14634,1976,1976,0,16610
9888,922019,1610,175,175,0,1785
9889,922020,3678,2201,2201,0,5879
9890,922021,26644,285,285,0,26929
9891,922022,51243,1217,1217,0,52460
9892,922023,14583,0,0,0,14583
9893,922024,30399,223,223,0,30622
9894,922025,5784,0,0,0,5784
9895,922026,29301,73,73,0,29374
9896,922027,10843,46,46,0,10889
9897,922028,13672,258,258,0,13930
9898,922029,21468,39,39,0,21507
9899,922030,50940,451,451,0,51391
9900,922031,83176,170,170,0,83346
9901,922032,12955,0,0,0,12955
9902,922033,29613,689,689,0,30302
9903,922034,10600,0,0,0,10600
9904,922035,5694,0,0,0,5694
9905,922036,11578,0,0,0,11578
9906,922037,71854,94,94,0,71948
9907,922038,27639,118,118,0,27757
9908,922039,8529,0,0,0,8529
9909,922040,6741,72,72,0,6813
9910,922041,6012,0,0,0,6012
9911,922042,4731,0,0,0,4731
9912,923001,37081,0,0,0,37081
9913,923002,7271,0,0,0,7271
9914,923003,6713,0,0,0,6713
9915,923004,27899,1315,1315,0,29214
9916,923005,16592,231,231,0,16823
9917,923006,22786,0,0,0,22786
9918,923007,9974,0,0,0,9974
9919,923008,31601,214,214,0,31815
9920,923009,7276,0,0,0,7276
9921,923010,51579,235,235,0,51814
9922,923011,3413,0,0,0,3413
9923,923012,15581,0,0,0,15581
9924,923013,16732,0,0,0,16732
9925,923014,31293,0,0,0,31293
9926,923015,19420,24,24,0,19444
9927,923016,1896,0,0,0,1896
9928,923017,7550,105,105,0,7655
9929,923018,12515,279,279,0,12794
9930,923019,55518,719,719,0,56237
9931,923020,11469,0,0,0,11469
9932,923021,51578,164,164,0,51742
9933,923022,8587,0,0,0,8587
9934,923023,7256,0,0,0,7256
9935,923024,38247,61,61,0,38308
9936,923025,20944,0,0,0,20944
9937,923026,39036,2753,2753,0,41789
9938,923027,31831,2200,2200,0,34031
9939,923028,26160,5,5,0,26165
9940,923029,29382,0,0,0,29382
9941,923030,7881,0,0,0,7881
9942,923031,8488,0,0,0,8488
9943,923032,31293,443,443,0,31736
9944,923033,33204,0,0,0,33204
9945,923034,14652,0,0,0,14652
9946,923035,29423,0,0,0,29423
9947,923036,6357,0,0,0,6357
9948,923037,37028,0,0,0,37028
9949,923038,1721,260,260,0,1981
9950,923039,29380,107,107,0,29487
9951,923040,6489,0,0,0,6489
9952,923041,6122,0,0,0,6122
9953,923042,5148,0,0,0,5148
9954,923043,66233,0,0,0,66233
9955,923044,11310,0,0,0,11310
9956,923045,23498,0,0,0,23498
9957,923046,9869,0,0,0,9869
9958,923047,44017,0,0,0,44017
9959,923048,19181,6,6,0,19187
9960,923049,7182,0,0,0,7182
9961,923050,15785,0,0,0,15785
9962,923051,81071,914,914,0,81985
9963,923052,24859,99,99,0,24958
9964,923053,18753,1010,1010,0,19763
9965,923054,10550,422,422,0,10972
9966,923055,26253,363,363,0,26616
9967,923056,83830,93,93,0,83923
9968,923057,16482,0,0,0,16482
9969,923058,1867,0,0,0,1867
9970,923059,17266,0,0,0,17266
9971,923060,30595,70,70,0,30665
9972,923061,7709,0,0,0,7709
9973,923062,15016,0,0,0,15016
9974,923063,80658,130,130,0,80788
9975,923064,40340,0,0,0,40340
9976,923065,59184,253,253,0,59437
9977,923066,14935,0,0,0,14935
9978,923067,24735,175,175,0,24910
9979,923068,82197,104,104,0,82301
9980,923069,4850,0,0,0,4850
9981,923070,16533,121,121,0,16654
9982,923071,39038,0,0,0,39038
9983,923072,45367,105,105,0,45472
9984,923073,61930,83,83,0,62013
9985,923074,48509,0,0,0,48509
9986,923075,6024,0,0,0,6024
9987,923076,43316,0,0,0,43316
9988,923077,82288,1993,1993,0,84281
9989,923078,17951,0,0,0,17951
9990,923079,37919,81,81,0,38000
9991,923080,17468,0,0,0,17468
9992,923081,3378,0,0,0,3378
9993,923082,17967,0,0,0,17967
9994,923083,3774,0,0,0,3774
9995,923084,52178,433,433,0,52611
9996,923085,6066,0,0,0,6066
9997,923086,14968,0,0,0,14968
9998,923087,50039,2258,2258,0,52297
9999,923088,11039,104,104,0,11143
10000,923089,98605,224,224,0,98829
10001,923090,11783,0,0,0,11783
10002,923091,7022,0,0,0,7022
10003,923092,9446,211,211,0,9657
10004,923093,6207,124,124,0,6331
10005,923094,23887,777,777,0,24664
10006,923095,7272,0,0,0,7272
10007,923096,37158,5510,5510,0,42668
10008,923097,9331,1819,1819,0,11150
10009,923098,20582,0,0,0,20582
10010,923099,4244,229,229,0,4473
10011,923100,34637,517,517,0,35154
10012,923101,3950,0,0,0,3950
10013,923102,12769,0,0,0,12769
10014,923103,17661,0,0,0,17661
10015,924001,355884,16748,16748,0,372632
10016,925001,230876,13032,13032,0,243908
10017,925002,169602,3007,3007,0,172609
10018,925003,438659,6535,6535,0,445194
10019,925004,130637,6642,6642,0,137279
10020,925005,49540,9216,9216,0,58756
10021,925006,137267,13257,13257,0,150524
10022,925007,48802,5100,5100,0,53902
10023,925008,43335,874,874,0,44209
10024,925009,71007,1054,1054,0,72061
10025,925010,56575,653,653,0,57228
10026,925011,14606,0,0,0,14606
10027,925012,139691,9970,9970,0,149661
10028,925013,82322,1493,1493,0,83815
10029,925014,7886,0,0,0,7886
10030,925015,35601,1642,1642,0,37243
10031,925016,10993,6,6,0,10999
10032,925017,194221,4139,4139,0,198360
10033,925018,48094,0,0,0,48094
10034,925019,19412,6,6,0,19418
10035,925020,11290,0,0,0,11290
10036,925021,64265,753,753,0,65018
10037,925022,56866,5643,5643,0,62509
10038,925023,20830,1905,1905,0,22735
10039,925024,189207,2578,2578,0,191785
10040,925025,13278,33,33,0,13311
10041,926001,198095,826,826,0,198921
10042,927001,146329,491,491,0,146820
10043,928001,65651,0,0,0,65651
10044,929001,259142,4138,4138,0,263280
10045,930001,124608,57,57,0,124665
10046,930002,386152,465,465,0,386617
10047,930003,41090,0,0,0,41090
10048,930004,67149,1884,1884,0,69033
10049,930005,18617,1693,1693,0,20310
10050,931001,225760,1693,1693,0,227453
10051,931002,374465,212,212,0,374677
10052,931003,162294,0,0,0,162294
10053,931004,178413,62,62,0,178475
10054,931005,481292,3280,3280,0,484572
10055,931006,336415,6307,6307,0,342722
10056,931007,36743,0,0,0,36743
10057,931008,6434,0,0,0,6434
10058,931009,3441,0,0,0,3441
10059,932001,131574,214,214,0,131788
10060,933001,100707,509,509,0,101216
10061,933002,27836,0,0,0,27836
10062,933003,223917,166,166,0,224083
10063,933004,58734,92,92,0,58826
10064,933005,5983,0,0,0,5983
10065,933006,56866,2041,2041,0,58907
10066,933007,131471,0,0,0,131471
10067,933008,8083,0,0,0,8083
10068,933009,11537,0,0,0,11537
10069,933010,38627,0,0,0,38627
10070,933011,3246,0,0,0,3246
10071,933012,66074,0,0,0,66074
10072,933013,26684,0,0,0,26684
10073,933014,18325,0,0,0,18325
10074,933015,32856,0,0,0,32856
10075,933016,22781,0,0,0,22781
10076,933017,270065,285,285,0,270350
10077,933018,38527,416,416,0,38943
10078,933019,88115,86,86,0,88201
10079,933020,14637,907,907,0,15544
10080,933021,1980,346,346,0,2326
10081,933022,50416,0,0,0,50416
10082,933023,9557,26,26,0,9583
10083,933024,6566,0,0,0,6566
10084,933025,84857,0,0,0,84857
10085,933026,49734,0,0,0,49734
10086,933027,6477,0,0,0,6477
10087,933028,126077,193,193,0,126270
10088,933029,23699,274,274,0,23973
10089,933030,30891,0,0,0,30891
10090,933031,9664,106,106,0,9770
10091,933032,41923,40,40,0,41963
10092,934001,112443,54,54,0,112497
10093,934002,8694,0,0,0,8694
10094,934003,73440,0,0,0,73440
10095,934004,10265,0,0,0,10265
10096,934005,184996,0,0,0,184996
10097,934006,6535,0,0,0,6535
10098,934007,4793,0,0,0,4793
10099,934008,4131,0,0,0,4131
10100,934009,8220,0,0,0,8220
10101,934010,83506,9,9,0,83515
10102,934011,12078,0,0,0,12078
10103,934012,3350,0,0,0,3350
10104,934013,3546,0,0,0,3546
10105,934014,5817,0,0,0,5817
10106,934015,10258,0,0,0,10258
10107,934016,40210,0,0,0,40210
10108,934017,5862,0,0,0,5862
10109,934018,2245,0,0,0,2245
10110,934019,2831,0,0,0,2831
10111,934020,4020,0,0,0,4020
10112,934021,3937,0,0,0,3937
10113,934022,7808,0,0,0,7808
10114,934023,5235,0,0,0,5235
10115,934024,17809,0,0,0,17809
10116,934025,1044,0,0,0,1044
10117,934026,793,0,0,0,793
10118,934027,2541,0,0,0,2541
10119,934028,768,0,0,0,768
10120,934029,22555,0,0,0,22555
10121,934030,5637,0,0,0,5637
10122,934031,1775,0,0,0,1775
10123,934032,13200,0,0,0,13200
10124,934033,349036,1478,1478,0,350514
10125,934034,27890,8,8,0,27898
10126,934035,39108,14,14,0,39122
10127,934036,30739,0,0,0,30739
10128,935001,94058,0,0,0,94058
10129,935002,31426,462,462,0,31888
10130,935003,87431,0,0,0,87431
10131,935004,7236,0,0,0,7236
10132,935005,129172,3456,3456,0,132628
10133,935006,25977,0,0,0,25977
10134,935007,51380,0,0,0,51380
10135,935008,14427,0,0,0,14427
10136,935009,19250,0,0,0,19250
10137,935010,4782,0,0,0,4782
10138,935011,35088,0,0,0,35088
10139,935012,10713,0,0,0,10713
10140,935013,16575,0,0,0,16575
10141,935014,6337,0,0,0,6337
10142,935015,20364,101,101,0,20465
10143,935016,53442,0,0,0,53442
10144,935017,20202,0,0,0,20202
10145,935018,2179,0,0,0,2179
10146,935019,1605,0,0,0,1605
10147,935020,28397,0,0,0,28397
10148,935021,15447,0,0,0,15447
10149,935022,16909,0,0,0,16909
10150,935023,6630,0,0,0,6630
10151,935024,7884,0,0,0,7884
10152,935025,3347,0,0,0,3347
10153,935026,1378,0,0,0,1378
10154,935027,128732,206,206,0,128938
10155,935028,106397,0,0,0,106397
10156,935029,1748,0,0,0,1748
10157,936001,378751,0,0,0,378751
10158,936002,37576,0,0,0,37576
10159,937001,13067,0,0,0,13067
10160,937002,7253,0,0,0,7253
10161,937003,63265,0,0,0,63265
10162,937004,22492,0,0,0,22492
10163,937005,43363,0,0,0,43363
10164,937006,34267,0,0,0,34267
10165,937007,5832,70,70,0,5902
10166,937008,64279,0,0,0,64279
10167,937009,4176,0,0,0,4176
10168,937010,7787,0,0,0,7787
10169,937011,2290,66,66,0,2356
10170,938001,156496,0,0,0,156496
10171,938002,37029,200,200,0,37229
10172,938003,17607,23,23,0,17630
10173,938004,17725,40,40,0,17765
10174,938005,8568,990,990,0,9558
10175,938006,8001,2971,2971,0,10972
10176,938007,50376,0,0,0,50376
10177,938008,64473,0,0,0,64473
10178,938009,18039,660,660,0,18699
10179,938010,98925,202,202,0,99127
10180,938011,41915,241,241,0,42156
10181,938012,221807,783,783,0,222590
10182,938013,189647,1491,1491,0,191138
10183,938014,32718,507,507,0,33225
10184,938015,4591,2072,2072,0,6663
10185,938016,71661,3715,3715,0,75376
10186,938017,136050,59,59,0,136109
10187,938018,17661,6494,6494,0,24155
10188,938019,1801,236,236,0,2037
10189,938020,1981,841,841,0,2822
10190,938021,116688,0,0,0,116688
10191,938022,6128,3515,3515,0,9643
10192,938023,49376,26,26,0,49402
10193,938024,29408,0,0,0,29408
10194,938025,10299,2413,2413,0,12712
10195,938026,3313,0,0,0,3313
10196,938027,69386,0,0,0,69386
10197,938028,9715,0,0,0,9715
10198,938029,7856,0,0,0,7856
10199,938030,29297,0,0,0,29297
10200,938031,150454,0,0,0,150454
10201,938032,4933,124,124,0,5057
10202,938033,27058,2437,2437,0,29495
10203,938034,20395,626,626,0,21021
10204,938035,4312,0,0,0,4312
10205,938036,105478,348,348,0,105826
10206,938037,35763,137,137,0,35900
10207,938038,5427,293,46,247,5720
10208,938039,52687,0,0,0,52687
10209,938040,21992,0,0,0,21992
10210,938041,2889,1,1,0,2890
10211,938042,6386,76,76,0,6462
10212,938043,15576,976,976,0,16552
10213,939001,35864,5829,0,5829,41693
10214,939002,29524,0,0,0,29524
10215,939003,59156,0,0,0,59156
10216,939004,8701,9,0,9,8710
10217,939005,91839,9835,0,9835,101674
10218,939006,3740,251,251,0,3991
10219,939007,53004,18674,183,18491,71678
10220,939008,16625,3,3,0,16628
10221,939009,6031,0,0,0,6031
10222,939010,1400,2738,0,2738,4138
10223,939011,23450,98,98,0,23548
10224,939012,60052,0,0,0,60052
10225,939013,6126,0,0,0,6126
10226,939014,6504,0,0,0,6504
10227,939015,44622,1747,0,1747,46369
10228,939016,3555,0,0,0,3555
10229,939017,23155,13351,0,13351,36506
10230,939018,10058,11117,113,11004,21175
10231,940001,57929,1970,1970,0,59899
10232,940002,9690,0,0,0,9690
10233,940003,2840,0,0,0,2840
10234,940004,128259,5369,5369,0,133628
10235,940005,23447,1922,1922,0,25369
10236,940006,5946,1813,1813,0,7759
10237,940007,11120,1,1,0,11121
10238,940008,16337,0,0,0,16337
10239,940009,50227,1574,1574,0,51801
10240,940010,3025,106,106,0,3131
10241,940011,69219,1212,1212,0,70431
10242,940012,11570,0,0,0,11570
10243,940013,16498,60,60,0,16558
10244,940014,4617,0,0,0,4617
10245,940015,40017,532,532,0,40549
10246,940016,19450,2884,2884,0,22334
10247,940017,1924,0,0,0,1924
10248,940018,5136,185,185,0,5321
10249,940019,3706,2,2,0,3708
10250,940020,29339,784,784,0,30123
10251,940021,833,722,5,717,1555
10252,940022,6517,14,14,0,6531
10253,940023,4334,180,180,0,4514
10254,940024,9297,0,0,0,9297
10255,940025,9697,708,708,0,10405
10256,941001,3160,10278,0,10278,13438
10257,941002,14502,7987,0,7987,22489
10258,941003,26767,26503,0,26503,53270
10259,941004,10953,1258,0,1258,12211
10260,941005,19239,0,0,0,19239
10261,941006,1975,0,0,0,1975
10262,941007,55884,18185,0,18185,74069
10263,941008,523,2867,0,2867,3390
10264,941009,37364,23318,0,23318,60682
10265,941010,18672,9986,0,9986,28658
10266,941011,6887,7467,0,7467,14354
10267,941012,19128,6451,190,6261,25579
10268,941013,12331,3570,5,3565,15901
10269,941014,4480,4014,0,4014,8494
10270,941015,46227,17397,89,17308,63624
10271,941016,64890,50049,543,49506,114939
10272,941017,13048,32415,0,32415,45463
10273,942001,7350,51,51,0,7401
10274,942002,98391,12695,2971,9724,111086
10275,942003,1898,1413,0,1413,3311
10276,942004,21036,7775,38,7737,28811
10277,942005,50792,5376,801,4575,56168
10278,942006,14520,6643,0,6643,21163
10279,942007,18342,213,0,213,18555
10280,942008,5806,8343,0,8343,14149
10281,942009,33022,14983,1250,13733,48005
10282,942010,22203,3084,278,2806,25287
10283,942011,17051,9100,132,8968,26151
10284,942012,9720,9372,0,9372,19092
10285,942013,13164,4755,0,4755,17919
10286,942014,4667,10896,0,10896,15563
10287,942015,23914,44356,0,44356,68270
10288,942016,7187,21957,0,21957,29144
10289,943001,8034,9182,0,9182,17216
10290,943002,55225,10430,710,9720,65655
10291,943003,64751,11132,0,11132,75883
10292,943004,7467,14321,0,14321,21788
10293,943005,87836,12834,1005,11829,100670
10294,943006,3292,2700,0,2700,5992
10295,943007,61213,20489,0,20489,81702
10296,944001,61199,0,0,0,61199
10297,944002,291118,928,928,0,292046
10298,944003,8639,0,0,0,8639
10299,944004,77119,0,0,0,77119
10300,944005,30092,0,0,0,30092
10301,944006,8359,0,0,0,8359
10302,944007,8291,63,63,0,8354
10303,944008,14382,0,0,0,14382
10304,944009,27557,0,0,0,27557
10305,944010,1886,0,0,0,1886
10306,944011,5151,413,413,0,5564
10307,944012,87759,86,86,0,87845
10308,944013,12052,0,0,0,12052
10309,944014,15566,753,753,0,16319
10310,944015,4680,0,0,0,4680
10311,944016,81559,0,0,0,81559
10312,944017,9131,0,0,0,9131
10313,944018,22280,2214,2214,0,24494
10314,944019,47690,791,791,0,48481
10315,944020,15307,860,860,0,16167
10316,944021,22454,0,0,0,22454
10317,944022,12368,902,902,0,13270
10318,944023,8576,1418,1418,0,9994
10319,944024,7292,1331,1331,0,8623
10320,944025,19802,0,0,0,19802
10321,944026,3081,0,0,0,3081
10322,944027,8281,0,0,0,8281
10323,944028,8535,0,0,0,8535
10324,944029,9407,0,0,0,9407
10325,944030,20872,0,0,0,20872
10326,944031,24625,301,301,0,24926
10327,944032,18042,0,0,0,18042
10328,944033,65571,0,0,0,65571
10329,944034,2734,0,0,0,2734
10330,944035,14995,0,0,0,14995
10331,944036,34019,0,0,0,34019
10332,944037,4496,0,0,0,4496
10333,944038,9393,0,0,0,9393
10334,944039,15771,0,0,0,15771
10335,944040,10649,3245,3245,0,13894
10336,944041,7205,0,0,0,7205
10337,944042,12614,0,0,0,12614
10338,944043,39307,18,18,0,39325
10339,944044,8067,0,0,0,8067
10340,944045,10758,0,0,0,10758
10341,944046,15137,0,0,0,15137
10342,944047,13597,0,0,0,13597
10343,945001,3301,1273,0,1273,4574
10344,945002,2577,1172,0,1172,3749
10345,945003,5762,1429,0,1429,7191
10346,945004,21296,0,0,0,21296
10347,945005,14201,61,61,0,14262
10348,945006,55092,149,0,149,55241
10349,945007,227013,31101,5188,25913,258114
10350,945008,9984,0,0,0,9984
10351,945009,15819,5714,2728,2986,21533
10352,945010,4306,2195,2195,0,6501
10353,945011,175549,188,188,0,175737
10354,945012,52423,2099,0,2099,54522
10355,945013,95000,31,31,0,95031
10356,945014,7316,1263,1263,0,8579
10357,945015,26375,64,64,0,26439
10358,945016,35210,3910,295,3615,39120
10359,945017,433528,375,375,0,433903
10360,945018,9883,26,26,0,9909
10361,945019,6060,573,0,573,6633
10362,945020,158770,20988,453,20535,179758
10363,945021,1083,2439,0,2439,3522
10364,945022,44003,21475,177,21298,65478
10365,945023,41098,6402,6402,0,47500
10366,945024,12207,0,0,0,12207
10367,945025,11651,0,0,0,11651
10368,945026,20666,8550,650,7900,29216
10369,945027,169911,26798,1743,25055,196709
10370,945028,31584,233,0,233,31817
10371,945029,18292,58,58,0,18350
10372,945030,11497,2478,2478,0,13975
10373,945031,68370,11893,3306,8587,80263
10374,945032,22201,127,127,0,22328
10375,945033,12985,0,0,0,12985
10376,945034,10035,0,0,0,10035
10377,945035,76139,19141,19141,0,95280
10378,945036,365833,1080,1080,0,366913
10379,945037,82715,5350,0,5350,88065
10380,945038,41045,393,393,0,41438
10381,945039,4952,722,722,0,5674
10382,945040,144132,27689,5631,22058,171821
10383,945041,10768,0,0,0,10768
10384,945042,10793,4,4,0,10797
10385,945043,32871,1961,1961,0,34832
10386,945044,64241,4598,0,4598,68839
10387,945045,14562,0,0,0,14562
10388,945046,23262,0,0,0,23262
10389,945047,81766,9515,0,9515,91281
10390,945048,96562,0,0,0,96562
10391,945049,43879,0,0,0,43879
10392,945050,48576,13678,0,13678,62254
10393,945051,21923,0,0,0,21923
10394,945052,221636,28333,806,27527,249969
10395,945053,5732,7135,0,7135,12867
10396,945054,169322,180,180,0,169502
10397,945055,4684,0,0,0,4684
10398,945056,4759,0,0,0,4759
10399,946001,3655,3960,0,3960,7615
10400,946002,4571,4603,0,4603,9174
10401,946003,7168,566,0,566,7734
10402,946004,5747,6995,0,6995,12742
10403,946005,92570,16388,2678,13710,108958
10404,946006,64551,12884,4570,8314,77435
10405,946007,8499,7383,216,7167,15882
10406,946008,21079,17932,796,17136,39011
10407,946009,11302,12179,82,12097,23481
10408,946010,12256,4655,0,4655,16911
10409,946011,4473,4573,0,4573,9046
10410,946012,83328,14233,2552,11681,97561
10411,946013,8116,14463,23,14440,22579
10412,946014,22281,17522,263,17259,39803
10413,946015,30648,4598,485,4113,35246
10414,946016,24042,14780,10,14770,38822
10415,946017,7394,5420,0,5420,12814
10416,946018,46183,20460,1205,19255,66643
10417,946019,55031,19638,2396,17242,74669
10418,946020,8398,10570,0,10570,18968
10419,946021,12639,8786,282,8504,21425
10420,946022,12047,9414,121,9293,21461
10421,946023,25377,8249,1260,6989,33626
10422,946024,6192,3345,511,2834,9537
10423,946025,12467,5776,131,5645,18243
10424,946026,33599,17477,817,16660,51076
10425,946027,17924,6600,364,6236,24524
10426,946028,62211,15269,1585,13684,77480
10427,946029,7874,6468,489,5979,14342
10428,946030,14779,160,160,0,14939
10429,946031,36189,12743,360,12383,48932
10430,946032,26601,1462,120,1342,28063
10431,946033,23803,5801,10,5791,29604
10432,946034,15143,5706,0,5706,20849
10433,946035,16536,4380,1592,2788,20916
10434,946036,1096,13273,0,13273,14369
10435,946037,14561,39094,0,39094,53655
10436,946038,22980,94362,198,94164,117342
10437,946039,5619,41727,0,41727,47346
10438,946040,8615,60535,0,60535,69150
10439,946041,31664,4400,213,4187,36064
10440,946042,37991,19467,614,18853,57458
10441,946043,11383,69316,0,69316,80699
10442,946044,39185,26758,633,26125,65943
10443,946045,104269,358671,1081,357590,462940
10444,946046,27511,14724,537,14187,42235
10445,946047,30459,30139,599,29540,60598
10446,946048,14314,3447,377,3070,17761
10447,946049,32939,12062,2203,9859,45001
10448,946050,12446,26872,0,26872,39318
10449,946051,29691,70474,339,70135,100165
10450,946052,26098,55778,156,55622,81876
10451,946053,2154,55243,0,55243,57397
10452,946054,19404,66882,136,66746,86286
10453,946055,15556,52247,248,51999,67803
10454,946056,20431,14305,102,14203,34736
10455,946057,27050,31417,1876,29541,58467
10456,946058,7085,29066,0,29066,36151
10457,946059,20800,30362,296,30066,51162
10458,946060,47676,46202,666,45536,93878
10459,947001,8513,68541,0,68541,77054
10460,947002,352,1393,0,1393,1745
10461,947003,1434,7083,0,7083,8517
10462,947004,10863,92134,0,92134,102997
10463,948001,495549,40216,1737,38479,535765
10464,948002,3495,2612,0,2612,6107
10465,948003,107412,0,0,0,107412
10466,948004,11791,2039,0,2039,13830
10467,948005,111284,0,0,0,111284
10468,948006,40316,126,126,0,40442
10469,948007,4552,0,0,0,4552
10470,948008,22975,94,94,0,23069
10471,948009,411480,81,81,0,411561
10472,948010,18124,0,0,0,18124
10473,948011,44827,0,0,0,44827
10474,948012,89447,48,48,0,89495
10475,948013,59735,12467,1399,11068,72202
10476,948014,77975,0,0,0,77975
10477,948015,14783,132,132,0,14915
10478,948016,107940,7205,1265,5940,115145
10479,948017,36184,0,0,0,36184
10480,948018,37993,0,0,0,37993
10481,948019,200144,0,0,0,200144
10482,948020,84964,644,210,434,85608
10483,948021,9923,0,0,0,9923
10484,948022,13573,515,215,300,14088
10485,948023,25921,0,0,0,25921
10486,948024,86006,9177,162,9015,95183
10487,948025,47298,8952,0,8952,56250
10488,948026,79976,60,60,0,80036
10489,948027,14617,0,0,0,14617
10490,948028,365957,324,324,0,366281
10491,948029,10047,2717,0,2717,12764
10492,948030,5177,0,0,0,5177
10493,948031,78790,0,0,0,78790
10494,948032,33147,11433,0,11433,44580
10495,948033,199377,25194,89,25105,224571
10496,948034,37511,1037,0,1037,38548
10497,948035,24920,262,262,0,25182
10498,949001,31403,9641,2475,7166,41044
10499,949002,1264,1230,0,1230,2494
10500,949003,7161,13308,0,13308,20469
10501,949004,11915,9758,0,9758,21673
10502,949005,57670,15603,47,15556,73273
10503,949006,10509,16766,26,16740,27275
10504,949007,20950,5442,466,4976,26392
10505,949008,11418,3393,0,3393,14811
10506,949009,14944,14074,55,14019,29018
10507,949010,62003,23986,2146,21840,85989
10508,949011,36849,8009,909,7100,44858
10509,949012,37939,7367,65,7302,45306
10510,949013,14591,7505,119,7386,22096
10511,949014,25987,11426,479,10947,37413
10512,949015,23670,10549,379,10170,34219
10513,949016,6292,3638,0,3638,9930
10514,949017,3310,3827,0,3827,7137
10515,949018,5928,7361,0,7361,13289
10516,949019,21159,11277,211,11066,32436
10517,949020,5464,4229,60,4169,9693
10518,950001,140473,0,0,0,140473
10519,950002,5306,0,0,0,5306
10520,950003,46400,0,0,0,46400
10521,950004,16563,0,0,0,16563
10522,950005,7428,0,0,0,7428
10523,950006,98605,1178,93,1085,99783
10524,950007,19088,0,0,0,19088
10525,950008,102974,286,286,0,103260
10526,950009,48388,3208,3208,0,51596
10527,950010,13523,767,767,0,14290
10528,950011,40480,48,48,0,40528
10529,950012,8537,0,0,0,8537
10530,950013,13919,135,135,0,14054
10531,950014,8877,0,0,0,8877
10532,950015,14936,0,0,0,14936
10533,950016,6403,6,6,0,6409
10534,950017,5389,0,0,0,5389
10535,950018,7921,59,59,0,7980
10536,950019,5606,23,23,0,5629
10537,950020,15926,319,319,0,16245
10538,950021,16807,0,0,0,16807
10539,950022,338518,7557,7557,0,346075
10540,950023,6047,0,0,0,6047
10541,950024,31940,1438,1438,0,33378
10542,950025,10846,634,286,348,11480
10543,950026,55334,48,48,0,55382
10544,950027,26910,59,59,0,26969
10545,950028,25483,0,0,0,25483
10546,950029,3077,0,0,0,3077
10547,950030,11866,0,0,0,11866
10548,950031,1379,0,0,0,1379
10549,950032,9482,0,0,0,9482
10550,950033,16044,0,0,0,16044
10551,950034,9431,2262,2262,0,11693
10552,950035,47516,425,425,0,47941
10553,950036,16996,0,0,0,16996
10554,950037,6198,72,72,0,6270
10555,950038,25852,1182,1182,0,27034
10556,950039,8575,0,0,0,8575
10557,950040,102055,77,77,0,102132
10558,951001,90578,513,513,0,91091
10559,951002,62751,4805,3514,1291,67556
10560,951003,136894,16282,269,16013,153176
10561,951004,9692,2295,2295,0,11987
10562,951005,6798,2934,2934,0,9732
10563,951006,2814,462,462,0,3276
10564,951007,64663,14080,4276,9804,78743
10565,951008,4303,1391,1391,0,5694
10566,951009,21508,0,0,0,21508
10567,951010,113731,9363,514,8849,123094
10568,951011,7663,1260,0,1260,8923
10569,951012,9876,1398,48,1350,11274
10570,951013,340288,17986,7344,10642,358274
10571,951014,45192,49,49,0,45241
10572,951015,8885,48,48,0,8933
10573,951016,14369,52,52,0,14421
10574,951017,46588,5996,5996,0,52584
10575,951018,31444,7986,7986,0,39430
10576,951019,6363,616,616,0,6979
10577,952001,18117,3263,0,3263,21380
10578,952002,10578,2117,0,2117,12695
10579,952003,22473,2477,224,2253,24950
10580,952004,3976,199,199,0,4175
10581,952005,9583,1155,152,1003,10738
10582,952006,16163,840,0,840,17003
10583,952007,4769,5415,0,5415,10184
10584,952008,10747,4348,540,3808,15095
10585,952009,1830,96073,0,96073,97903
10586,952010,17123,58080,195,57885,75203
10587,952011,30640,6127,0,6127,36767
10588,952012,31832,12032,824,11208,43864
10589,952013,2437,0,0,0,2437
10590,952014,4839,96,0,96,4935
10591,952015,54265,92210,160,92050,146475
10592,952016,4168,541,0,541,4709
10593,953001,98109,4298,3837,461,102407
10594,953002,7042,460,460,0,7502
10595,953003,14130,774,774,0,14904
10596,953004,5904,0,0,0,5904
10597,953005,2031,0,0,0,2031
10598,953006,4380,0,0,0,4380
10599,953007,113094,9429,1655,7774,122523
10600,953008,8439,838,838,0,9277
10601,953009,7603,0,0,0,7603
10602,953010,4574,0,0,0,4574
10603,953011,42357,1711,1711,0,44068
10604,953012,2745,36,36,0,2781
10605,953013,3835,158,158,0,3993
10606,953014,2985,0,0,0,2985
10607,953015,42831,4522,52,4470,47353
10608,953016,2119,0,0,0,2119
10609,953017,8439,0,0,0,8439
10610,953018,2170,0,0,0,2170
10611,953019,33757,0,0,0,33757
10612,953020,25543,143,143,0,25686
10613,953021,94443,716,716,0,95159
10614,953022,2874,0,0,0,2874
10615,953023,12824,3,0,3,12827
10616,953024,6228,0,0,0,6228
10617,953025,9266,622,0,622,9888
10618,954001,116899,203527,764,202763,320426
10619,954002,8843,1002,0,1002,9845
10620,954003,10837,3076,493,2583,13913
10621,954004,4655,0,0,0,4655
10622,954005,4911,0,0,0,4911
10623,954006,90906,86242,0,86242,177148
10624,954007,10950,43,43,0,10993
10625,954008,62194,699,378,321,62893
10626,954009,2784,2119,0,2119,4903
10627,954010,2756,58669,0,58669,61425
10628,954011,45847,21287,714,20573,67134
10629,954012,9138,1689,0,1689,10827
10630,954013,5556,60830,0,60830,66386
10631,954014,8756,2929,0,2929,11685
10632,954015,34541,1421,0,1421,35962
10633,954016,7228,3106,0,3106,10334
10634,954017,6986,36112,0,36112,43098
10635,954018,2221,3878,0,3878,6099
10636,954019,139070,2586,486,2100,141656
10637,954020,18780,1698,398,1300,20478
10638,954021,3927,73863,68,73795,77790
10639,954022,4842,46501,114,46387,51343
10640,954023,25839,6622,340,6282,32461
10641,954024,9009,0,0,0,9009
10642,954025,5277,50769,0,50769,56046
10643,954026,10461,1261,108,1153,11722
10644,954027,5492,0,0,0,5492
10645,954028,120770,33692,6623,27069,154462
10646,954029,3856,2591,0,2591,6447
10647,954030,3412,32398,0,32398,35810
10648,954031,7953,5827,0,5827,13780
10649,954032,1630,0,0,0,1630
10650,954033,16065,56045,1759,54286,72110
10651,954034,13633,0,0,0,13633
10652,954035,15516,1535,1535,0,17051
10653,954036,3251,12081,0,12081,15332
10654,954037,9697,33103,268,32835,42800
10655,954038,3734,16895,35,16860,20629
10656,954039,77506,76876,2821,74055,154382
10657,954040,14992,382,0,382,15374
10658,954041,11828,70213,75,70138,82041
10659,954042,12699,542,542,0,13241
10660,954043,2037,30635,185,30450,32672
10661,954044,43610,931,485,446,44541
10662,954045,15911,3755,314,3441,19666
10663,954046,16463,0,0,0,16463
10664,954047,2610,19839,0,19839,22449
10665,954048,5273,144,0,144,5417
10666,954049,35592,13196,353,12843,48788
10667,954050,2579,18941,0,18941,21520
10668,954051,6328,0,0,0,6328
10669,954052,4226,19763,0,19763,23989
10670,955001,7745,362,0,362,8107
10671,955002,22757,2622,0,2622,25379
10672,955003,55844,343,343,0,56187
10673,955004,16548,0,0,0,16548
10674,955005,16886,4052,930,3122,20938
10675,955006,5891,0,0,0,5891
10676,955007,23778,1116,1116,0,24894
10677,955008,10206,885,334,551,11091
10678,955009,37816,3245,3245,0,41061
10679,955010,22167,439,439,0,22606
10680,955011,46492,1654,1654,0,48146
10681,955012,33586,623,623,0,34209
10682,955013,71258,2425,2425,0,73683
10683,955014,30858,334,334,0,31192
10684,955015,9646,0,0,0,9646
10685,955016,2863,52,52,0,2915
10686,955017,5204,0,0,0,5204
10687,955018,4604,345,345,0,4949
10688,955019,2475,36,36,0,2511
10689,955020,4347,348,348,0,4695
10690,955021,10230,181,181,0,10411
10691,955022,38241,5484,5484,0,43725
10692,955023,13505,0,0,0,13505
10693,955024,23689,108,108,0,23797
10694,955025,13151,1852,1852,0,15003
10695,955026,20048,333,244,89,20381
10696,955027,5385,0,0,0,5385
10697,955028,6647,34,34,0,6681
10698,955029,35944,1520,894,626,37464
10699,955030,8017,365,0,365,8382
10700,955031,14235,1399,578,821,15634
10701,955032,113973,2256,2256,0,116229
10702,955033,18343,171,171,0,18514
10703,955034,12964,252,252,0,13216
10704,955035,11741,215,215,0,11956
10705,955036,3712,0,0,0,3712
10706,955037,105173,2014,2014,0,107187
10707,955038,19221,0,0,0,19221
10708,955039,20955,0,0,0,20955
10709,955040,34296,6828,461,6367,41124
10710,955041,2210,8937,0,8937,11147
10711,955042,3292,6045,0,6045,9337
10712,956001,11639,1880,1880,0,13519
10713,956002,7373,1567,104,1463,8940
10714,956003,37026,31233,120,31113,68259
10715,956004,11366,125,0,125,11491
10716,956005,8381,242,242,0,8623
10717,956006,8987,3267,0,3267,12254
10718,956007,40534,19758,104,19654,60292
10719,956008,6555,0,0,0,6555
10720,956009,2125,6372,0,6372,8497
10721,956010,24356,15226,103,15123,39582
10722,956011,14776,0,0,0,14776
10723,956012,29691,253,0,253,29944
10724,956013,7595,5446,336,5110,13041
10725,956014,5433,1089,1089,0,6522
10726,956015,3590,3449,0,3449,7039
10727,956016,9929,0,0,0,9929
10728,956017,4291,1472,58,1414,5763
10729,956018,13142,2368,276,2092,15510
10730,956019,6288,2489,5,2484,8777
10731,956020,14100,1920,980,940,16020
10732,956021,4375,6921,0,6921,11296
10733,956022,16669,1252,120,1132,17921
10734,956023,5381,3569,304,3265,8950
10735,956024,3676,1691,99,1592,5367
10736,956025,6686,4381,132,4249,11067
10737,956026,3916,9483,12,9471,13399
10738,956027,10693,25898,0,25898,36591
10739,956028,6597,34975,0,34975,41572
10740,957001,22413,10093,803,9290,32506
10741,957002,13151,19135,64,19071,32286
10742,957003,3803,8773,0,8773,12576
10743,957004,838,20867,0,20867,21705
10744,957005,535,6372,0,6372,6907
10745,957006,12715,52820,108,52712,65535
10746,957007,799,931,0,931,1730
10747,957008,2535,15043,0,15043,17578
10748,957009,1176,13397,0,13397,14573
10749,957010,16494,23667,0,23667,40161
10750,957011,2827,19996,0,19996,22823
10751,957012,2428,3825,0,3825,6253
10752,957013,6838,86990,0,86990,93828
10753,957014,5284,39231,0,39231,44515
10754,957015,18195,146353,0,146353,164548
10755,957016,2025,5531,0,5531,7556
10756,957017,14400,12473,0,12473,26873
10757,957018,4633,2497,0,2497,7130
10758,957019,804,4546,0,4546,5350
10759,957020,1378,10731,0,10731,12109
10760,958001,28490,13585,852,12733,42075
10761,958002,2891,867,867,0,3758
10762,958003,7847,13599,57,13542,21446
10763,958004,14238,3099,893,2206,17337
10764,958005,10165,14360,572,13788,24525
10765,958006,10230,6222,392,5830,16452
10766,958007,14442,1721,0,1721,16163
10767,958008,6524,16013,0,16013,22537
10768,958009,21553,1585,0,1585,23138
10769,958010,3024,4256,0,4256,7280
10770,958011,8591,11149,0,11149,19740
10771,958012,7867,12746,0,12746,20613
10772,958013,5789,18734,0,18734,24523
10773,959001,8769,4041,10,4031,12810
10774,959002,26385,10718,106,10612,37103
10775,959003,13739,3918,0,3918,17657
10776,959004,6892,18031,0,18031,24923
10777,959005,28437,2585,2090,495,31022
10778,959006,9036,1382,0,1382,10418
10779,959007,4067,1045,0,1045,5112
10780,959008,6059,468,0,468,6527
10781,959009,6132,1494,878,616,7626
10782,959010,36881,517,339,178,37398
10783,959011,3618,77,0,77,3695
10784,959012,14194,2717,0,2717,16911
10785,959013,10840,1324,1324,0,12164
10786,959014,8847,0,0,0,8847
10787,959015,28347,26,26,0,28373
10788,959016,2439,142,142,0,2581
10789,959017,5268,835,835,0,6103
10790,959018,3952,81,81,0,4033
10791,959019,26228,10170,10170,0,36398
10792,959020,10891,72,72,0,10963
10793,959021,7094,128,128,0,7222
10794,959022,3620,10,10,0,3630
10795,959023,7433,126,126,0,7559
10796,959024,10029,432,432,0,10461
10797,959025,4287,187,187,0,4474
10798,959026,5339,2,2,0,5341
10799,959027,4166,218,218,0,4384
10800,959028,9314,712,712,0,10026
10801,960001,4477,79,79,0,4556
10802,960002,27392,0,0,0,27392
10803,961001,12002,283,283,0,12285
10804,961002,11758,0,0,0,11758
10805,961003,48330,41,41,0,48371
10806,961004,31481,0,0,0,31481
10807,961005,56577,0,0,0,56577
10808,961006,11988,0,0,0,11988
10809,961007,23511,0,0,0,23511
10810,961008,227148,0,0,0,227148
10811,961009,35455,314,314,0,35769
10812,961010,24397,0,0,0,24397
10813,961011,39635,24,24,0,39659
10814,961012,9929,0,0,0,9929
10815,961013,52944,853,853,0,53797
10816,961014,6766,352,352,0,7118
10817,961015,45091,107,107,0,45198
10818,961016,7151,0,0,0,7151
10819,961017,15092,0,0,0,15092
10820,961018,64007,279,279,0,64286
10821,961019,23115,0,0,0,23115
10822,961020,34575,470,470,0,35045
10823,961021,93469,0,0,0,93469
10824,961022,114076,91,91,0,114167
10825,961023,35555,568,568,0,36123
10826,961024,26814,45,45,0,26859
10827,961025,21754,0,0,0,21754
10828,961026,18095,0,0,0,18095
10829,961027,75286,0,0,0,75286
10830,961028,22610,0,0,0,22610
10831,961029,40825,0,0,0,40825
10832,961030,16667,0,0,0,16667
10833,961031,43998,0,0,0,43998
10834,961032,8095,0,0,0,8095
10835,961033,24979,0,0,0,24979
10836,961034,74329,416,416,0,74745
10837,961035,2739,0,0,0,2739
10838,961036,42384,0,0,0,42384
10839,961037,4512,0,0,0,4512
10840,961038,4453,0,0,0,4453
10841,961039,49054,0,0,0,49054
10842,961040,83164,0,0,0,83164
10843,961041,1849,0,0,0,1849
10844,961042,27383,15,15,0,27398
10845,961043,5872,0,0,0,5872
10846,962001,7170,0,0,0,7170
10847,962002,122404,264,264,0,122668
10848,962003,14804,0,0,0,14804
10849,962004,38507,0,0,0,38507
10850,962005,46169,1270,1270,0,47439
10851,962006,1557,180,180,0,1737
10852,962007,28715,477,477,0,29192
10853,962008,3745,0,0,0,3745
10854,962009,2647,0,0,0,2647
10855,962010,52031,611,611,0,52642
10856,962011,100563,2,2,0,100565
10857,962012,24299,0,0,0,24299
10858,962013,3672,0,0,0,3672
10859,962014,2445,0,0,0,2445
10860,962015,4007,0,0,0,4007
10861,962016,93010,26,26,0,93036
10862,962017,12768,0,0,0,12768
10863,962018,6960,0,0,0,6960
10864,962019,5908,0,0,0,5908
10865,962020,10079,0,0,0,10079
10866,962021,20799,0,0,0,20799
10867,962022,31415,0,0,0,31415
10868,962023,2722,0,0,0,2722
10869,962024,16019,0,0,0,16019
10870,963001,72818,0,0,0,72818
10871,963002,33524,0,0,0,33524
10872,963003,15167,0,0,0,15167
10873,963004,19569,3,3,0,19572
10874,963005,8728,0,0,0,8728
10875,963006,5316,0,0,0,5316
10876,963007,27590,0,0,0,27590
10877,963008,71121,144,144,0,71265
10878,963009,3419,0,0,0,3419
10879,963010,62217,0,0,0,62217
10880,963011,5187,0,0,0,5187
10881,963012,36262,0,0,0,36262
10882,963013,25156,0,0,0,25156
10883,963014,59609,1053,1053,0,60662
10884,963015,14264,0,0,0,14264
10885,963016,73913,0,0,0,73913
10886,963017,69814,0,0,0,69814
10887,963018,18135,33,33,0,18168
10888,963019,36809,0,0,0,36809
10889,963020,23216,0,0,0,23216
10890,963021,14259,0,0,0,14259
10891,963022,20518,0,0,0,20518
10892,963023,30887,0,0,0,30887
10893,963024,5405,0,0,0,5405
10894,963025,12774,0,0,0,12774
10895,963026,30830,41,41,0,30871
10896,963027,63538,0,0,0,63538
10897,963028,13858,0,0,0,13858
10898,963029,12828,0,0,0,12828
10899,963030,9853,0,0,0,9853
10900,963031,10606,0,0,0,10606
10901,963032,28461,0,0,0,28461
10902,963033,16842,0,0,0,16842
10903,963034,16521,0,0,0,16521
10904,963035,29391,642,642,0,30033
10905,963036,7609,0,0,0,7609
10906,963037,1835,0,0,0,1835
10907,964001,5781,1781,1781,0,7562
10908,964002,3780,38,38,0,3818
10909,964003,2577,3766,3766,0,6343
10910,964004,9883,1758,1758,0,11641
10911,964005,24541,2533,2533,0,27074
10912,964006,8181,0,0,0,8181
10913,964007,16026,3340,3340,0,19366
10914,964008,2692,1893,1893,0,4585
10915,964009,17949,5388,5388,0,23337
10916,964010,2851,135,135,0,2986
10917,964011,27518,90,90,0,27608
10918,964012,10906,3687,3687,0,14593
10919,964013,27252,15695,15695,0,42947
10920,964014,22734,18942,18942,0,41676
10921,964015,7220,6505,6505,0,13725
10922,964016,1189,0,0,0,1189
10923,964017,3638,9462,9462,0,13100
10924,964018,5250,3380,3380,0,8630
10925,964019,13335,55,55,0,13390
10926,964020,14348,0,0,0,14348
10927,964021,11614,3411,3411,0,15025
10928,964022,6218,11053,11053,0,17271
10929,964023,5729,7391,7391,0,13120
10930,965001,37034,57,57,0,37091
10931,965002,32305,136,136,0,32441
10932,965003,5642,0,0,0,5642
10933,965004,51721,0,0,0,51721
10934,965005,7703,0,0,0,7703
10935,965006,13882,4,4,0,13886
10936,965007,120794,94,94,0,120888
10937,965008,66734,649,649,0,67383
10938,965009,19057,0,0,0,19057
10939,965010,10911,0,0,0,10911
10940,965011,18687,0,0,0,18687
10941,965012,27263,159,159,0,27422
10942,965013,16170,0,0,0,16170
10943,965014,38387,0,0,0,38387
10944,965015,108905,219,219,0,109124
10945,965016,29807,0,0,0,29807
10946,965017,10665,0,0,0,10665
10947,965018,20146,50,50,0,20196
10948,965019,8169,0,0,0,8169
10949,965020,7829,0,0,0,7829
10950,965021,2684,0,0,0,2684
10951,965022,16460,0,0,0,16460
10952,965023,26283,0,0,0,26283
10953,965024,6300,811,811,0,7111
10954,965025,7369,0,0,0,7369
10955,965026,17984,42,42,0,18026
10956,965027,35087,136,136,0,35223
10957,965028,20442,0,0,0,20442
10958,965029,14682,0,0,0,14682
10959,965030,18995,0,0,0,18995
10960,965031,2095,0,0,0,2095
10961,965032,16476,43,43,0,16519
10962,965033,16914,0,0,0,16914
10963,965034,22832,0,0,0,22832
10964,965035,6522,0,0,0,6522
10965,965036,23999,1,1,0,24000
10966,965037,17254,0,0,0,17254
10967,965038,2379,0,0,0,2379
10968,965039,11089,828,828,0,11917
10969,965040,17406,132,132,0,17538
10970,965041,53549,189,189,0,53738
10971,965042,26573,0,0,0,26573
10972,966001,13997,387,387,0,14384
10973,966002,44465,624,624,0,45089
10974,966003,92376,284,284,0,92660
10975,966004,9257,0,0,0,9257
10976,966005,20183,0,0,0,20183
10977,966006,57413,91,91,0,57504
10978,966007,2444,0,0,0,2444
10979,966008,5247,237,237,0,5484
10980,966009,19254,19,19,0,19273
10981,966010,3528,0,0,0,3528
10982,966011,9347,0,0,0,9347
10983,966012,58368,12971,12971,0,71339
10984,966013,60978,554,554,0,61532
10985,966014,6241,0,0,0,6241
10986,966015,14629,0,0,0,14629
10987,966016,50699,256,256,0,50955
10988,966017,8835,121,121,0,8956
10989,966018,10287,0,0,0,10287
10990,966019,11122,0,0,0,11122
10991,966020,16000,713,713,0,16713
10992,966021,15976,3546,3546,0,19522
10993,966022,3236,200,200,0,3436
10994,966023,10636,195,195,0,10831
10995,966024,6504,0,0,0,6504
10996,966025,24576,0,0,0,24576
10997,966026,96213,956,956,0,97169
10998,966027,18742,1361,1361,0,20103
10999,966028,11799,105,105,0,11904
11000,966029,2849,292,292,0,3141
11001,966030,26072,131,131,0,26203
11002,966031,10954,0,0,0,10954
11003,966032,3997,0,0,0,3997
11004,966033,8232,0,0,0,8232
11005,966034,6821,744,744,0,7565
11006,966035,5378,154,154,0,5532
11007,966036,34795,0,0,0,34795
11008,966037,98324,272,272,0,98596
11009,966038,51335,0,0,0,51335
11010,966039,4950,0,0,0,4950
11011,966040,11840,168,168,0,12008
11012,966041,5503,1255,1255,0,6758
11013,966042,9960,0,0,0,9960
11014,966043,5658,0,0,0,5658
11015,966044,16584,0,0,0,16584
11016,966045,10025,0,0,0,10025
11017,966046,1759,0,0,0,1759
11018,966047,11379,0,0,0,11379
11019,966048,8449,0,0,0,8449
11020,966049,23504,0,0,0,23504
11021,967001,259736,8439,8439,0,268175
11022,967002,13632,0,0,0,13632
11023,967003,62623,0,0,0,62623
11024,967004,25974,405,405,0,26379
11025,967005,2127,0,0,0,2127
11026,967006,4903,0,0,0,4903
11027,967007,164776,264,264,0,165040
11028,967008,4584,0,0,0,4584
11029,967009,37797,0,0,0,37797
11030,967010,3794,2615,2615,0,6409
11031,967011,6704,10223,10223,0,16927
11032,967012,11943,0,0,0,11943
11033,967013,26865,438,438,0,27303
11034,967014,100383,1084,1084,0,101467
11035,967015,8107,2535,2535,0,10642
11036,967016,5022,61,61,0,5083
11037,967017,5295,0,0,0,5295
11038,968001,8822,0,0,0,8822
11039,968002,10825,0,0,0,10825
11040,968003,9351,0,0,0,9351
11041,968004,36860,0,0,0,36860
11042,968005,31484,0,0,0,31484
11043,968006,36479,0,0,0,36479
11044,968007,47544,4038,4038,0,51582
11045,968008,4294,0,0,0,4294
11046,968009,2459,0,0,0,2459
11047,968010,4251,0,0,0,4251
11048,968011,14972,0,0,0,14972
11049,968012,8847,3525,3525,0,12372
11050,968013,3026,595,595,0,3621
11051,968014,4013,514,514,0,4527
11052,968015,15460,135,135,0,15595
11053,968016,10660,0,0,0,10660
11054,968017,5837,0,0,0,5837
11055,968018,23961,409,409,0,24370
11056,968019,33200,0,0,0,33200
11057,968020,11760,0,0,0,11760
11058,968021,23040,0,0,0,23040
11059,968022,106477,3464,3464,0,109941
11060,968023,4064,0,0,0,4064
11061,968024,8484,3032,3032,0,11516
11062,968025,166416,11569,11569,0,177985
11063,969001,16184,48,48,0,16232
11064,969002,4807,0,0,0,4807
11065,969003,47521,0,0,0,47521
11066,969004,6908,145,145,0,7053
11067,969005,6060,0,0,0,6060
11068,969006,48860,92,92,0,48952
11069,969007,20283,0,0,0,20283
11070,969008,30892,0,0,0,30892
11071,969009,42513,0,0,0,42513
11072,969010,105899,0,0,0,105899
11073,969011,19408,0,0,0,19408
11074,969012,16690,32,32,0,16722
11075,969013,104912,72,72,0,104984
11076,969014,47092,1098,1098,0,48190
11077,969015,100263,0,0,0,100263
11078,969016,14975,0,0,0,14975
11079,969017,16348,0,0,0,16348
11080,969018,7501,0,0,0,7501
11081,969019,12903,0,0,0,12903
11082,969020,9849,0,0,0,9849
11083,969021,12651,0,0,0,12651
11084,969022,17539,53,53,0,17592
11085,969023,30959,0,0,0,30959
11086,969024,13329,0,0,0,13329
11087,969025,20590,266,266,0,20856
11088,969026,20426,0,0,0,20426
11089,969027,12344,0,0,0,12344
11090,969028,20144,0,0,0,20144
11091,969029,13352,0,0,0,13352
11092,970001,3217,0,0,0,3217
11093,970002,159920,138,138,0,160058
11094,970003,10870,0,0,0,10870
11095,970004,1702,0,0,0,1702
11096,970005,27934,0,0,0,27934
11097,970006,65530,0,0,0,65530
11098,970007,109708,72,72,0,109780
11099,970008,14746,7,7,0,14753
11100,970009,7919,0,0,0,7919
11101,970010,18059,265,265,0,18324
11102,970011,24466,0,0,0,24466
11103,970012,11367,0,0,0,11367
11104,970013,47963,14,14,0,47977
11105,970014,14246,0,0,0,14246
11106,970015,7852,0,0,0,7852
11107,970016,24704,0,0,0,24704
11108,970017,25066,14,14,0,25080
11109,970018,37039,741,741,0,37780
11110,970019,4962,0,0,0,4962
11111,970020,25304,39,39,0,25343
11112,970021,9396,0,0,0,9396
11113,970022,4508,0,0,0,4508
11114,970023,6899,0,0,0,6899
11115,970024,19230,0,0,0,19230
11116,970025,4452,0,0,0,4452
11117,970026,18390,0,0,0,18390
11118,970027,55535,697,697,0,56232
11119,970028,13237,0,0,0,13237
11120,970029,4349,0,0,0,4349
11121,970030,145604,101,101,0,145705
11122,970031,27220,0,0,0,27220
11123,970032,6619,0,0,0,6619
11124,970033,59356,284,284,0,59640
11125,970034,11070,0,0,0,11070
11126,970035,39122,0,0,0,39122
11127,970036,15637,0,0,0,15637
11128,970037,6874,0,0,0,6874
11129,970038,47246,697,697,0,47943
11130,970039,36516,0,0,0,36516
11131,970040,59093,288,288,0,59381
11132,970041,4250,0,0,0,4250
11133,970042,6755,0,0,0,6755
11134,970043,9717,0,0,0,9717
11135,970044,4178,0,0,0,4178
11136,970045,23442,0,0,0,23442
11137,970046,2879,0,0,0,2879
11138,970047,14468,0,0,0,14468
11139,970048,38685,55,55,0,38740
11140,970049,38844,0,0,0,38844
11141,970050,8984,3,3,0,8987
11142,970051,28174,0,0,0,28174
11143,971001,7694,0,0,0,7694
11144,971002,13895,0,0,0,13895
11145,971003,16300,432,432,0,16732
11146,971004,8281,0,0,0,8281
11147,971005,25487,0,0,0,25487
11148,971006,5177,0,0,0,5177
11149,971007,16992,0,0,0,16992
11150,971008,74277,1952,1952,0,76229
11151,971009,16818,0,0,0,16818
11152,971010,33615,0,0,0,33615
11153,971011,19064,152,152,0,19216
11154,971012,31919,0,0,0,31919
11155,971013,3731,0,0,0,3731
11156,971014,4812,0,0,0,4812
11157,971015,8601,0,0,0,8601
11158,972001,6135,0,0,0,6135
11159,972002,52907,277,277,0,53184
11160,972003,21628,24,24,0,21652
11161,972004,53749,16,16,0,53765
11162,972005,32339,88,88,0,32427
11163,972006,27056,281,281,0,27337
11164,972007,6929,26,26,0,6955
11165,972008,59569,1254,1254,0,60823
11166,972009,42533,141,141,0,42674
11167,972010,52025,1634,1634,0,53659
11168,972011,6132,0,0,0,6132
11169,972012,78474,0,0,0,78474
11170,972013,42871,670,670,0,43541
11171,972014,52416,12530,12530,0,64946
11172,972015,12568,0,0,0,12568
11173,972016,10744,0,0,0,10744
11174,972017,98034,7932,7932,0,105966
11175,972018,197245,33490,33490,0,230735
11176,972019,7798,0,0,0,7798
11177,972020,41187,17601,17601,0,58788
11178,972021,7505,1360,1360,0,8865
11179,972022,18938,3769,3769,0,22707
11180,972023,106659,9639,9639,0,116298
11181,972024,57734,3115,3115,0,60849
11182,972025,9477,453,453,0,9930
11183,972026,20207,740,740,0,20947
11184,972027,8886,148,148,0,9034
11185,972028,54604,6977,6977,0,61581
11186,972029,34759,1007,1007,0,35766
11187,972030,54226,2287,2287,0,56513
11188,972031,35093,0,0,0,35093
11189,972032,14116,0,0,0,14116
11190,972033,12421,2546,2546,0,14967
11191,972034,33668,4,4,0,33672
11192,972035,17531,4208,4208,0,21739
11193,972036,12351,0,0,0,12351
11194,972037,9999,1946,1946,0,11945
11195,973001,30299,4,4,0,30303
11196,973002,40060,1767,1767,0,41827
11197,973003,100248,6548,6548,0,106796
11198,973004,43337,1851,1851,0,45188
11199,973005,12659,0,0,0,12659
11200,973006,20423,162,162,0,20585
11201,973007,3683,0,0,0,3683
11202,973008,6024,342,342,0,6366
11203,973009,4775,0,0,0,4775
11204,973010,19634,0,0,0,19634
11205,973011,1280,0,0,0,1280
11206,973012,14630,0,0,0,14630
11207,973013,10702,1585,1585,0,12287
11208,973014,11887,4701,4701,0,16588
11209,973015,3730,0,0,0,3730
11210,973016,3430,205,205,0,3635
11211,973017,15265,466,466,0,15731
11212,973018,22231,7865,7865,0,30096
11213,973019,10934,0,0,0,10934
11214,973020,46116,6091,6091,0,52207
11215,973021,69310,3080,3080,0,72390
11216,973022,50882,1855,1855,0,52737
11217,973023,11217,0,0,0,11217
11218,973024,35506,13654,13654,0,49160
11219,973025,30375,1652,1652,0,32027
11220,973026,4193,0,0,0,4193
11221,973027,15058,138,138,0,15196
11222,973028,9067,4595,4595,0,13662
11223,973029,10826,0,0,0,10826
11224,973030,8213,310,310,0,8523
11225,973031,73128,7419,7419,0,80547
11226,973032,8343,111,111,0,8454
11227,973033,19461,1982,1982,0,21443
11228,973034,7849,1604,1604,0,9453
11229,973035,28430,208,208,0,28638
11230,973036,81514,1513,1513,0,83027
11231,974001,44006,313,313,0,44319
11232,974002,31616,1955,1955,0,33571
11233,974003,33739,216,216,0,33955
11234,974004,14804,0,0,0,14804
11235,974005,55192,8264,8264,0,63456
11236,974006,41469,503,503,0,41972
11237,974007,105729,3916,3916,0,109645
11238,974008,81545,1951,1951,0,83496
11239,974009,66393,834,834,0,67227
11240,974010,45829,314,314,0,46143
11241,974011,6928,0,0,0,6928
11242,974012,14149,106,106,0,14255
11243,974013,22678,58,58,0,22736
11244,974014,91756,432,432,0,92188
11245,974015,24794,759,759,0,25553
11246,974016,47180,940,940,0,48120
11247,974017,10470,0,0,0,10470
11248,974018,52885,3466,3466,0,56351
11249,974019,40017,1797,1797,0,41814
11250,974020,111281,2648,2648,0,113929
11251,974021,12156,0,0,0,12156
11252,974022,19496,20,20,0,19516
11253,974023,5503,7,7,0,5510
11254,974024,9358,0,0,0,9358
11255,974025,40509,5077,5077,0,45586
11256,974026,69022,74,74,0,69096
11257,974027,35176,101,101,0,35277
11258,974028,18839,0,0,0,18839
11259,974029,20227,55,55,0,20282
11260,974030,9161,0,0,0,9161
11261,974031,16640,612,612,0,17252
11262,974032,40282,623,623,0,40905
11263,974033,42947,304,304,0,43251
11264,974034,68679,244,244,0,68923
11265,974035,25405,333,333,0,25738
11266,974036,22620,0,0,0,22620
11267,974037,94501,237,237,0,94738
11268,974038,73803,383,383,0,74186
11269,974039,81514,117,117,0,81631
11270,974040,136350,768,768,0,137118
11271,974041,34700,66,66,0,34766
11272,974042,15454,0,0,0,15454
11273,974043,86999,732,732,0,87731
11274,974044,53308,641,641,0,53949
11275,974045,34877,0,0,0,34877
11276,974046,20589,0,0,0,20589
11277,975001,44974,0,0,0,44974
11278,975002,118670,364,364,0,119034
11279,975003,40920,0,0,0,40920
11280,975004,129476,439,439,0,129915
11281,975005,179492,91,91,0,179583
11282,975006,18147,0,0,0,18147
11283,975007,119912,8893,8893,0,128805
11284,975008,33147,72,72,0,33219
11285,975009,10390,0,0,0,10390
11286,975010,17978,0,0,0,17978
11287,975011,14065,0,0,0,14065
11288,975012,46133,0,0,0,46133
11289,975013,14506,0,0,0,14506
11290,975014,49406,0,0,0,49406
11291,975015,16098,405,405,0,16503
11292,975016,29891,826,826,0,30717
11293,975017,52156,60,60,0,52216
11294,975018,24503,0,0,0,24503
11295,975019,53811,69,69,0,53880
11296,976001,114490,900,900,0,115390
11297,976002,51099,1830,1830,0,52929
11298,976003,10337,0,0,0,10337
11299,976004,6046,0,0,0,6046
11300,976005,107976,1803,1803,0,109779
11301,976006,19951,229,229,0,20180
11302,976007,3820,233,233,0,4053
11303,976008,71945,1033,1033,0,72978
11304,976009,23396,327,327,0,23723
11305,976010,24108,1846,1846,0,25954
11306,976011,44314,1047,1047,0,45361
11307,976012,34484,610,610,0,35094
11308,976013,5448,417,417,0,5865
11309,976014,12713,2653,2653,0,15366
11310,976015,36786,3166,3166,0,39952
11311,976016,77501,4946,4946,0,82447
11312,976017,6690,90,90,0,6780
11313,976018,28383,965,965,0,29348
11314,976019,12351,0,0,0,12351
11315,976020,22633,233,233,0,22866
11316,977001,182875,1126,1126,0,184001
11317,977002,46455,35,35,0,46490
11318,977003,67297,793,793,0,68090
11319,977004,49316,3354,3354,0,52670
11320,977005,30702,392,392,0,31094
11321,977006,17201,1682,1682,0,18883
11322,977007,82311,1255,1255,0,83566
11323,977008,48222,2196,2196,0,50418
11324,977009,30033,139,139,0,30172
11325,977010,50015,0,0,0,50015
11326,977011,30523,0,0,0,30523
11327,977012,31299,75,75,0,31374
11328,977013,120988,380,380,0,121368
11329,977014,9900,0,0,0,9900
11330,977015,17538,187,187,0,17725
11331,977016,65306,2008,2008,0,67314
11332,977017,21190,16,16,0,21206
11333,977018,25216,977,977,0,26193
11334,977019,63975,672,672,0,64647
11335,977020,27167,448,448,0,27615
11336,977021,15694,0,0,0,15694
11337,977022,9824,0,0,0,9824
11338,977023,137025,849,849,0,137874
11339,977024,23994,0,0,0,23994
11340,977025,128916,1219,1219,0,130135
11341,977026,10261,0,0,0,10261
11342,977027,25716,0,0,0,25716
11343,977028,82335,1073,1073,0,83408
11344,977029,25313,0,0,0,25313
11345,977030,53205,8,8,0,53213
11346,977031,7601,0,0,0,7601
11347,977032,41524,256,256,0,41780
11348,977033,51090,0,0,0,51090
11349,978001,25878,3459,3459,0,29337
11350,978002,79520,1271,1271,0,80791
11351,978003,12542,51,51,0,12593
11352,978004,31336,0,0,0,31336
11353,978005,11274,305,305,0,11579
11354,978006,106611,696,696,0,107307
11355,978007,16814,559,559,0,17373
11356,978008,5295,128,128,0,5423
11357,978009,9327,204,204,0,9531
11358,978010,24627,1527,1527,0,26154
11359,978011,93058,846,846,0,93904
11360,978012,10778,443,443,0,11221
11361,978013,15745,0,0,0,15745
11362,978014,18888,828,828,0,19716
11363,978015,21618,0,0,0,21618
11364,978016,12394,0,0,0,12394
11365,978017,4038,0,0,0,4038
11366,978018,11258,75,75,0,11333
11367,978019,50827,395,395,0,51222
11368,978020,12467,1543,1543,0,14010
11369,978021,15224,202,202,0,15426
11370,978022,44589,546,546,0,45135
11371,978023,9399,94,94,0,9493
11372,978024,25871,275,275,0,26146
11373,978025,21559,1166,1166,0,22725
11374,978026,18890,1459,1459,0,20349
11375,978027,33588,392,392,0,33980
11376,978028,5668,1829,1829,0,7497
11377,978029,20454,373,373,0,20827
11378,978030,24880,707,707,0,25587
11379,978031,43781,313,313,0,44094
11380,978032,4892,0,0,0,4892
11381,979001,4399,0,0,0,4399
11382,979002,59269,83,83,0,59352
11383,979003,25224,0,0,0,25224
11384,979004,35836,69,69,0,35905
11385,979005,31380,149,149,0,31529
11386,979006,15556,0,0,0,15556
11387,979007,58848,0,0,0,58848
11388,979008,6978,0,0,0,6978
11389,979009,11796,0,0,0,11796
11390,979010,23510,0,0,0,23510
11391,980001,70627,66,66,0,70693
11392,980002,1932,0,0,0,1932
11393,980003,7049,0,0,0,7049
11394,980004,76198,1772,1772,0,77970
11395,980005,97376,9227,9227,0,106603
11396,980006,14972,2249,2249,0,17221
11397,980007,44489,4234,4234,0,48723
11398,980008,5619,2706,2706,0,8325
11399,980009,2318,318,318,0,2636
11400,980010,84339,3785,3785,0,88124
11401,980011,14978,11128,11128,0,26106
11402,980012,45229,199,199,0,45428
11403,980013,24710,1136,1136,0,25846
11404,980014,38069,1362,1362,0,39431
11405,980015,10420,4579,4579,0,14999
11406,980016,32763,189,189,0,32952
11407,980017,27132,1562,1562,0,28694
11408,980018,73759,5493,5493,0,79252
11409,980019,101465,9001,9001,0,110466
11410,980020,44253,14369,14369,0,58622
11411,980021,6652,516,516,0,7168
11412,980022,5653,1172,1172,0,6825
11413,980023,68540,9580,9580,0,78120
11414,980024,77422,221,221,0,77643
11415,980025,23912,8616,8616,0,32528
11416,980026,9618,29,29,0,9647
11417,980027,15134,1214,1214,0,16348
11418,980028,9090,1449,1449,0,10539
11419,980029,86504,4001,4001,0,90505
11420,980030,22328,607,607,0,22935
11421,980031,171074,1100,1100,0,172174
11422,980032,8643,115,115,0,8758
11423,980033,8648,75,75,0,8723
11424,980034,9225,360,360,0,9585
11425,980035,42200,2896,2896,0,45096
11426,980036,43414,17959,17959,0,61373
11427,980037,31229,2252,2252,0,33481
11428,980038,21836,2556,2556,0,24392
11429,980039,6235,0,0,0,6235
11430,980040,3991,0,0,0,3991
11431,980041,19812,422,422,0,20234
11432,980042,22861,13101,13101,0,35962
11433,980043,115151,3065,3065,0,118216
11434,980044,20049,2491,2491,0,22540
11435,980045,39450,5230,5230,0,44680
11436,980046,17064,1295,1295,0,18359
11437,980047,11679,168,168,0,11847
11438,980048,26418,736,736,0,27154
11439,980049,28610,330,330,0,28940
11440,980050,20681,39,39,0,20720
11441,980051,34043,1611,1611,0,35654
11442,981001,8493,1451,1451,0,9944
11443,981002,21225,0,0,0,21225
11444,981003,34676,4346,4346,0,39022
11445,981004,86483,1663,1663,0,88146
11446,981005,8378,61,61,0,8439
11447,981006,29158,165,165,0,29323
11448,981007,29392,38,38,0,29430
11449,981008,83469,758,758,0,84227
11450,981009,15620,0,0,0,15620
11451,981010,18776,0,0,0,18776
11452,981011,62570,933,933,0,63503
11453,981012,43767,2061,2061,0,45828
11454,981013,25888,2583,2583,0,28471
11455,981014,10791,2628,2628,0,13419
11456,981015,7740,0,0,0,7740
11457,981016,18810,818,818,0,19628
11458,981017,14976,0,0,0,14976
11459,981018,10292,0,0,0,10292
11460,982001,191532,7158,7158,0,198690
11461,982002,16348,851,851,0,17199
11462,982003,11249,3202,3202,0,14451
11463,982004,92301,934,934,0,93235
11464,982005,11434,867,867,0,12301
11465,982006,31121,5158,5158,0,36279
11466,982007,25893,2715,2715,0,28608
11467,982008,19358,6264,6264,0,25622
11468,982009,31118,2601,2601,0,33719
11469,982010,47419,2988,2988,0,50407
11470,982011,117916,4881,4881,0,122797
11471,982012,9774,202,202,0,9976
11472,982013,33287,917,917,0,34204
11473,982014,103530,1628,1628,0,105158
11474,982015,89008,1670,1670,0,90678
11475,982016,55045,280,280,0,55325
11476,982017,16369,252,252,0,16621
11477,982018,13190,1051,1051,0,14241
11478,982019,37531,196,196,0,37727
11479,982020,34761,77,77,0,34838
11480,982021,33776,749,749,0,34525
11481,982022,43397,866,866,0,44263
11482,982023,12777,140,140,0,12917
11483,982024,38233,970,970,0,39203
11484,982025,25731,287,287,0,26018
11485,982026,14348,879,879,0,15227
11486,982027,5741,0,0,0,5741
11487,982028,9033,531,531,0,9564
11488,982029,47100,1516,1516,0,48616
11489,982030,12121,0,0,0,12121
11490,982031,17214,1343,1343,0,18557
11491,982032,15033,62,62,0,15095
11492,982033,50203,537,537,0,50740
11493,982034,12863,3354,3354,0,16217
11494,982035,28058,5132,5132,0,33190
11495,982036,37133,0,0,0,37133
11496,982037,12616,113,113,0,12729
11497,982038,36085,88,88,0,36173
11498,982039,30415,0,0,0,30415
11499,982040,229362,825,825,0,230187
11500,982041,1280,0,0,0,1280
11501,982042,5439,0,0,0,5439
11502,982043,46681,1875,1875,0,48556
11503,982044,17048,0,0,0,17048
11504,982045,30901,92,92,0,30993
11505,982046,13762,192,192,0,13954
11506,982047,5396,1365,1365,0,6761
11507,982048,12589,0,0,0,12589
11508,982049,28337,178,178,0,28515
11509,982050,18914,4547,4547,0,23461
11510,982051,13692,563,563,0,14255
11511,982052,13115,0,0,0,13115
11512,982053,50155,215,215,0,50370
11513,982054,25675,0,0,0,25675
11514,982055,6725,0,0,0,6725
11515,983001,70329,2363,2363,0,72692
11516,983002,22321,104,104,0,22425
11517,983003,18973,0,0,0,18973
11518,983004,60634,1380,1380,0,62014
11519,983005,7289,0,0,0,7289
11520,983006,24890,0,0,0,24890
11521,983007,4597,0,0,0,4597
11522,983008,5049,0,0,0,5049
11523,983009,43844,42,42,0,43886
11524,983010,45281,311,311,0,45592
11525,983011,8288,0,0,0,8288
11526,983012,11804,0,0,0,11804
11527,983013,29640,0,0,0,29640
11528,984001,77127,3984,3984,0,81111
11529,984002,50515,0,0,0,50515
11530,984003,33307,0,0,0,33307
11531,984004,164239,23626,23626,0,187865
11532,984005,10643,0,0,0,10643
11533,984006,2831,0,0,0,2831
11534,984007,165815,0,0,0,165815
11535,984008,10400,94,94,0,10494
11536,984009,13041,0,0,0,13041
11537,984010,5291,0,0,0,5291
11538,984011,133084,303,303,0,133387
11539,984012,16052,0,0,0,16052
11540,984013,81674,123,123,0,81797
11541,984014,24716,0,0,0,24716
11542,985001,43490,0,0,0,43490
11543,985002,12311,179,179,0,12490
11544,985003,20841,0,0,0,20841
11545,985004,72130,0,0,0,72130
11546,985005,277754,779,779,0,278533
11547,985006,66025,3797,3797,0,69822
11548,985007,26831,0,0,0,26831
11549,985008,16564,0,0,0,16564
11550,985009,94207,0,0,0,94207
11551,985010,310013,10143,10143,0,320156
11552,985011,164080,0,0,0,164080
11553,985012,5497,4,4,0,5501
11554,985013,12824,66,66,0,12890
11555,985014,19443,4492,4492,0,23935
11556,985015,164965,906,906,0,165871
11557,985016,99212,13,13,0,99225
11558,985017,241551,0,0,0,241551
11559,985018,34062,6516,6516,0,40578
11560,985019,93311,340,340,0,93651
11561,985020,61871,7288,7288,0,69159
11562,985021,224490,193,193,0,224683
11563,985022,71757,6602,6602,0,78359
11564,985023,123449,0,0,0,123449
11565,985024,157937,0,0,0,157937
11566,985025,60866,0,0,0,60866
11567,985026,61011,394,394,0,61405
11568,985027,175996,10,10,0,176006
11569,985028,41651,0,0,0,41651
11570,985029,71139,0,0,0,71139
11571,985030,14807,0,0,0,14807
11572,985031,106202,1364,1364,0,107566
11573,986001,86637,713,713,0,87350
11574,986002,18916,0,0,0,18916
11575,986003,42589,0,0,0,42589
11576,986004,49056,1260,1260,0,50316
11577,986005,35646,0,0,0,35646
11578,986006,43733,913,913,0,44646
11579,986007,46919,50,50,0,46969
11580,986008,63219,322,322,0,63541
11581,986009,32916,1872,1872,0,34788
11582,986010,132483,755,755,0,133238
11583,986011,7547,0,0,0,7547
11584,986012,33212,0,0,0,33212
11585,987001,14030,1837,1837,0,15867
11586,987002,29636,2052,2052,0,31688
11587,987003,83628,41,41,0,83669
11588,987004,12576,8,8,0,12584
11589,987005,37737,1911,1911,0,39648
11590,987006,20157,5573,5573,0,25730
11591,987007,22837,6866,6866,0,29703
11592,987008,19123,570,570,0,19693
11593,987009,57727,5212,5212,0,62939
11594,987010,40222,9642,9642,0,49864
11595,987011,30872,3493,3493,0,34365
11596,987012,46467,1499,1499,0,47966
11597,987013,13306,0,0,0,13306
11598,987014,28894,944,944,0,29838
11599,987015,23316,1200,1200,0,24516
11600,987016,43711,0,0,0,43711
11601,987017,55840,0,0,0,55840
11602,987018,105146,3570,3570,0,108716
11603,987019,18213,3026,3026,0,21239
11604,988001,57289,3347,3347,0,60636
11605,988002,24102,39,39,0,24141
11606,988003,117448,3670,3670,0,121118
11607,988004,385958,1936,1936,0,387894
11608,988005,6795,0,0,0,6795
11609,988006,67527,64,64,0,67591
11610,988007,72361,8012,8012,0,80373
11611,988008,106191,0,0,0,106191
11612,988009,90053,18433,18433,0,108486
11613,988010,28036,0,0,0,28036
11614,988011,16117,0,0,0,16117
11615,988012,16398,4990,4990,0,21388
11616,988013,226161,901,901,0,227062
11617,988014,7134,208,208,0,7342
11618,988015,12666,2245,2245,0,14911
11619,988016,35089,947,947,0,36036
11620,988017,2597,0,0,0,2597
11621,988018,44187,3988,3988,0,48175
11622,988019,51798,2479,2479,0,54277
11623,988020,3183,0,0,0,3183
11624,989001,7608,58,58,0,7666
11625,989002,29317,4,4,0,29321
11626,989003,36603,0,0,0,36603
11627,989004,16090,0,0,0,16090
11628,989005,162366,0,0,0,162366
11629,989006,56356,0,0,0,56356
11630,989007,37585,184,184,0,37769
11631,989008,119693,0,0,0,119693
11632,989009,10311,3,3,0,10314
11633,989010,22420,0,0,0,22420
11634,989011,8172,0,0,0,8172
11635,989012,22423,0,0,0,22423
11636,989013,12785,0,0,0,12785
11637,989014,7768,0,0,0,7768
11638,989015,37128,0,0,0,37128
11639,989016,6121,0,0,0,6121
11640,990001,106623,0,0,0,106623
11641,990002,14456,8329,8329,0,22785
11642,990003,169811,5039,5039,0,174850
11643,990004,49944,42,42,0,49986
11644,990005,62092,7906,7906,0,69998
11645,990006,32074,4003,4003,0,36077
11646,990007,225990,5912,5912,0,231902
11647,990008,5161,2497,2497,0,7658
11648,990009,121593,0,0,0,121593
11649,990010,3793,1889,1889,0,5682
11650,990011,5333,0,0,0,5333
11651,990012,5101,451,451,0,5552
11652,990013,3729,1448,1448,0,5177
11653,990014,41516,848,848,0,42364
11654,990015,14478,1812,1812,0,16290
11655,990016,7193,1326,1326,0,8519
11656,990017,32623,3319,3319,0,35942
11657,990018,44453,0,0,0,44453
11658,990019,43315,0,0,0,43315
11659,990020,1662,246,246,0,1908
11660,990021,84064,0,0,0,84064
11661,990022,26980,5041,5041,0,32021
11662,990023,18442,6305,6305,0,24747
11663,990024,9029,1155,1155,0,10184
11664,990025,62120,0,0,0,62120
11665,990026,40620,290,290,0,40910
11666,990027,19888,1692,1692,0,21580
11667,990028,114542,971,971,0,115513
11668,990029,42047,0,0,0,42047
11669,990030,24528,0,0,0,24528
11670,990031,15062,368,368,0,15430
11671,990032,6748,0,0,0,6748
11672,990033,11221,0,0,0,11221
11673,990034,12143,0,0,0,12143
11674,990035,38368,1,1,0,38369
11675,990036,5875,0,0,0,5875
11676,990037,6490,225,225,0,6715
11677,990038,9116,0,0,0,9116
11678,991001,30568,1469,1469,0,32037
11679,991002,13915,0,0,0,13915
11680,991003,3148,1406,1406,0,4554
11681,991004,146268,11446,11446,0,157714
11682,991005,5393,1120,1120,0,6513
11683,991006,159774,11451,11451,0,171225
11684,991007,85784,0,0,0,85784
11685,991008,6427,272,272,0,6699
11686,991009,106354,0,0,0,106354
11687,991010,15337,0,0,0,15337
11688,991011,12512,4997,4997,0,17509
11689,991012,41364,1352,1352,0,42716
11690,991013,7421,0,0,0,7421
11691,991014,6396,161,161,0,6557
11692,991015,5887,0,0,0,5887
11693,991016,18725,0,0,0,18725
11694,992001,9285,0,0,0,9285
11695,992002,26472,0,0,0,26472
11696,992003,18802,0,0,0,18802
11697,992004,5755,0,0,0,5755
11698,992005,27073,50,50,0,27123
11699,992006,79224,0,0,0,79224
11700,992007,46917,0,0,0,46917
11701,993001,9057,0,0,0,9057
11702,993002,14685,0,0,0,14685
11703,993003,15574,0,0,0,15574
11704,993004,18660,0,0,0,18660
11705,993005,23699,0,0,0,23699
11706,993006,100281,15,15,0,100296
11707,993007,70668,0,0,0,70668
11708,993008,34478,0,0,0,34478
11709,993009,149945,298,298,0,150243
11710,993010,63508,1597,1597,0,65105
11711,993011,82741,0,0,0,82741
11712,993012,64853,4965,4965,0,69818
11713,993013,37038,179,179,0,37217
11714,993014,14548,0,0,0,14548
11715,993015,49164,0,0,0,49164
11716,994001,189616,758,758,0,190374
11717,994002,34867,6160,6160,0,41027
11718,994003,167192,9362,9362,0,176554
11719,994004,42839,0,0,0,42839
11720,994005,90086,0,0,0,90086
11721,994006,29424,0,0,0,29424
11722,994007,30192,0,0,0,30192
11723,995001,52258,259,259,0,52517
11724,995002,28218,0,0,0,28218
11725,995003,54886,7,7,0,54893
11726,995004,5891,88,88,0,5979
11727,995005,60873,0,0,0,60873
11728,995006,70088,0,0,0,70088
11729,995007,67056,94,94,0,67150
11730,995008,24278,0,0,0,24278
11731,995009,76630,0,0,0,76630
11732,995010,69665,378,378,0,70043
11733,995011,54175,0,0,0,54175
11734,995012,92015,158,158,0,92173
11735,995013,8402,0,0,0,8402
11736,995014,150222,0,0,0,150222
11737,995015,11576,0,0,0,11576
11738,995016,18751,0,0,0,18751
11739,995017,13132,0,0,0,13132
11740,995018,36827,201,201,0,37028
11741,995019,7860,0,0,0,7860
11742,995020,23181,0,0,0,23181
11743,995021,28898,139,139,0,29037
11744,995022,8493,0,0,0,8493
11745,995023,17567,0,0,0,17567
11746,995024,79220,180,180,0,79400
11747,995025,29845,0,0,0,29845
11748,996001,35307,133,133,0,35440
11749,996002,12045,0,0,0,12045
11750,996003,102628,34,34,0,102662
11751,996004,22680,0,0,0,22680
11752,996005,14781,0,0,0,14781
11753,996006,130731,0,0,0,130731
11754,996007,17631,6,6,0,17637
11755,996008,23173,395,395,0,23568
11756,996009,11978,0,0,0,11978
11757,996010,28604,0,0,0,28604
11758,996011,110678,0,0,0,110678
11759,996012,82375,90,90,0,82465
11760,997001,32831,0,0,0,32831
11761,997002,115943,1074,1074,0,117017
11762,997003,13169,243,243,0,13412
11763,997004,50763,0,0,0,50763
11764,997005,8530,0,0,0,8530
11765,997006,35700,0,0,0,35700
11766,997007,44667,0,0,0,44667
11767,997008,23190,0,0,0,23190
11768,997009,134317,0,0,0,134317
11769,997010,303181,35,35,0,303216
11770,997011,81997,0,0,0,81997
11771,997012,50058,200,200,0,50258
11772,997013,58902,24,24,0,58926
11773,997014,12662,0,0,0,12662
11774,998001,79180,0,0,0,79180
11775,998002,18710,0,0,0,18710
11776,999001,57695,4220,4220,0,61915
11777,999002,56244,77,77,0,56321
11778,999003,117818,2875,2875,0,120693
11779,999004,226765,136,136,0,226901
11780,999005,113942,1,1,0,113943
11781,999006,123631,172,172,0,123803
11782,999007,16242,305,305,0,16547
11783,999008,126880,0,0,0,126880
11784,999009,45002,1263,1263,0,46265
11785,999010,19320,0,0,0,19320
11786,999011,25697,5388,5388,0,31085
11787,999012,37092,0,0,0,37092
11788,999013,102105,51,51,0,102156
11789,999014,23758,0,0,0,23758
11790,999015,188406,0,0,0,188406
11791,999016,22795,39,39,0,22834
11792,999017,19005,0,0,0,19005
11793,999018,35535,0,0,0,35535
11794,999019,60447,846,846,0,61293
11795,999020,16388,0,0,0,16388
11796,999021,20891,114,114,0,21005
11797,999022,179849,2065,2065,0,181914
11798,999023,14605,0,0,0,14605
11799,999024,84690,0,0,0,84690
11800,999025,60638,2937,2937,0,63575
11801,999026,33934,0,0,0,33934
11802,999027,6365,0,0,0,6365
11803,999028,99731,0,0,0,99731
11804,1000001,102452,46,46,0,102498
11805,1000002,52619,0,0,0,52619
11806,1000003,32907,9,9,0,32916
11807,1001001,29361,50,50,0,29411
11808,1001002,43261,0,0,0,43261
11809,1001003,22389,0,0,0,22389
11810,1001004,7580,0,0,0,7580
11811,1001005,1800,0,0,0,1800
11812,1001006,6363,0,0,0,6363
11813,1001007,3454,312,312,0,3766
11814,1001008,30831,0,0,0,30831
11815,1001009,42254,0,0,0,42254
11816,1001010,68737,55,55,0,68792
11817,1001011,29192,0,0,0,29192
11818,1001012,8627,0,0,0,8627
11819,1001013,5220,0,0,0,5220
11820,1001014,49339,0,0,0,49339
11821,1001015,8596,0,0,0,8596
11822,1001016,41847,0,0,0,41847
11823,1001017,15140,0,0,0,15140
11824,1002001,50503,0,0,0,50503
11825,1002002,23482,228,228,0,23710
11826,1002003,41361,2693,2693,0,44054
11827,1002004,8081,0,0,0,8081
11828,1002005,8267,0,0,0,8267
11829,1002006,49961,0,0,0,49961
11830,1002007,25237,0,0,0,25237
11831,1002008,11944,2246,2246,0,14190
11832,1002009,12762,0,0,0,12762
11833,1002010,33858,0,0,0,33858
11834,1002011,12701,713,713,0,13414
11835,1002012,35417,117,117,0,35534
11836,1002013,39902,1010,1010,0,40912
11837,1002014,18209,0,0,0,18209
11838,1002015,7421,0,0,0,7421
11839,1002016,31900,3653,3653,0,35553
11840,1002017,13435,0,0,0,13435
11841,1002018,44448,0,0,0,44448
11842,1002019,18748,0,0,0,18748
11843,1002020,14180,48,48,0,14228
11844,1002021,41912,0,0,0,41912
11845,1003001,20168,0,0,0,20168
11846,1003002,10973,0,0,0,10973
11847,1003003,36120,0,0,0,36120
11848,1003004,8195,0,0,0,8195
11849,1003005,18989,1109,1109,0,20098
11850,1003006,17309,385,385,0,17694
11851,1003007,2217,0,0,0,2217
11852,1003008,23014,0,0,0,23014
11853,1003009,4526,127,127,0,4653
11854,1003010,75711,449,449,0,76160
11855,1003011,12663,0,0,0,12663
11856,1003012,5988,0,0,0,5988
11857,1003013,39064,221,221,0,39285
11858,1003014,4432,0,0,0,4432
11859,1003015,8962,0,0,0,8962
11860,1003016,19917,0,0,0,19917
11861,1003017,17436,0,0,0,17436
11862,1003018,90517,588,588,0,91105
11863,1003019,9651,0,0,0,9651
11864,1003020,21933,0,0,0,21933
11865,1003021,9826,0,0,0,9826
11866,1003022,90023,0,0,0,90023
11867,1004001,100823,3289,3289,0,104112
11868,1004002,17864,240,240,0,18104
11869,1004003,41116,202,202,0,41318
11870,1004004,15409,0,0,0,15409
11871,1004005,53749,672,672,0,54421
11872,1004006,36895,1616,1616,0,38511
11873,1004007,28505,1,1,0,28506
11874,1004008,12603,1830,1830,0,14433
11875,1004009,25444,0,0,0,25444
11876,1004010,29306,413,413,0,29719
11877,1004011,7051,0,0,0,7051
11878,1004012,3646,942,942,0,4588
11879,1004013,4546,2397,2397,0,6943
11880,1004014,15172,2485,2485,0,17657
11881,1004015,13219,3106,3106,0,16325
11882,1004016,25780,113,113,0,25893
11883,1004017,4139,0,0,0,4139
11884,1004018,7125,1103,1103,0,8228
11885,1004019,3789,180,180,0,3969
11886,1004020,24226,0,0,0,24226
11887,1004021,4371,228,228,0,4599
11888,1004022,73670,946,946,0,74616
11889,1004023,13660,4643,4643,0,18303
11890,1004024,42523,1557,1557,0,44080
11891,1004025,88344,2369,2369,0,90713
11892,1004026,39208,273,273,0,39481
11893,1004027,26320,0,0,0,26320
11894,1004028,16556,192,192,0,16748
11895,1004029,28291,121,121,0,28412
11896,1004030,27074,336,336,0,27410
11897,1004031,20129,69,69,0,20198
11898,1004032,84601,192,192,0,84793
11899,1005001,6266,0,0,0,6266
11900,1005002,5912,0,0,0,5912
11901,1005003,10965,1398,1398,0,12363
11902,1005004,5947,1483,1483,0,7430
11903,1005005,5469,1741,1741,0,7210
11904,1005006,11419,0,0,0,11419
11905,1005007,16320,2,2,0,16322
11906,1005008,6776,0,0,0,6776
11907,1005009,3797,1548,1548,0,5345
11908,1005010,9588,0,0,0,9588
11909,1005011,5086,1150,1150,0,6236
11910,1005012,18784,327,327,0,19111
11911,1005013,14199,272,272,0,14471
11912,1005014,43112,35,35,0,43147
11913,1005015,16415,3338,3338,0,19753
11914,1005016,24652,182,182,0,24834
11915,1005017,9087,0,0,0,9087
11916,1005018,38226,1792,1792,0,40018
11917,1005019,7053,0,0,0,7053
11918,1006001,28283,57,57,0,28340
11919,1006002,7392,0,0,0,7392
11920,1006003,7629,0,0,0,7629
11921,1006004,65560,103,103,0,65663
11922,1006005,8306,0,0,0,8306
11923,1006006,9951,0,0,0,9951
11924,1006007,6311,0,0,0,6311
11925,1006008,11806,39,39,0,11845
11926,1006009,30477,1008,1008,0,31485
11927,1006010,35065,65,65,0,35130
11928,1006011,242888,628,628,0,243516
11929,1006012,53189,1115,1115,0,54304
11930,1006013,12485,79,79,0,12564
11931,1006014,164871,1385,1385,0,166256
11932,1006015,7110,0,0,0,7110
11933,1006016,51743,0,0,0,51743
11934,1006017,7946,0,0,0,7946
11935,1006018,135062,41,41,0,135103
11936,1006019,15876,54,54,0,15930
11937,1006020,13384,199,199,0,13583
11938,1006021,41666,338,338,0,42004
11939,1006022,158225,1779,1779,0,160004
11940,1006023,21897,1435,1435,0,23332
11941,1006024,62459,937,937,0,63396
11942,1006025,4825,0,0,0,4825
11943,1006026,17972,406,406,0,18378
11944,1006027,5341,12,12,0,5353
11945,1006028,165977,288,288,0,166265
11946,1006029,46354,297,297,0,46651
11947,1007001,7589,0,0,0,7589
11948,1007002,3933,0,0,0,3933
11949,1007003,7394,0,0,0,7394
11950,1007004,13059,421,421,0,13480
11951,1007005,3168,0,0,0,3168
11952,1007006,6168,1374,1374,0,7542
11953,1007007,6982,436,436,0,7418
11954,1007008,10478,4297,4297,0,14775
11955,1007009,13962,737,737,0,14699
11956,1007010,5372,1740,1740,0,7112
11957,1007011,3070,1469,1469,0,4539
11958,1007012,14023,1230,1230,0,15253
11959,1007013,1960,0,0,0,1960
11960,1007014,4974,2855,2855,0,7829
11961,1007015,3671,1111,1111,0,4782
11962,1007016,1371,1590,1590,0,2961
11963,1007017,5679,3320,3320,0,8999
11964,1007018,44064,1641,1641,0,45705
11965,1007019,23517,716,716,0,24233
11966,1007020,10419,5448,5448,0,15867
11967,1007021,1049,827,827,0,1876
11968,1007022,65714,7555,7555,0,73269
11969,1008001,14901,0,0,0,14901
11970,1008002,5574,0,0,0,5574
11971,1008003,16482,0,0,0,16482
11972,1008004,15654,157,157,0,15811
11973,1008005,7299,429,429,0,7728
11974,1008006,32973,28,28,0,33001
11975,1008007,58921,1438,1438,0,60359
11976,1008008,4350,0,0,0,4350
11977,1008009,96594,0,0,0,96594
11978,1008010,99210,39,39,0,99249
11979,1008011,22686,407,407,0,23093
11980,1008012,164272,495,495,0,164767
11981,1008013,22513,0,0,0,22513
11982,1008014,114226,0,0,0,114226
11983,1008015,15165,0,0,0,15165
11984,1008016,18183,0,0,0,18183
11985,1008017,13720,0,0,0,13720
11986,1008018,6694,0,0,0,6694
11987,1008019,50239,81,81,0,50320
11988,1008020,7445,0,0,0,7445
11989,1008021,10176,0,0,0,10176
11990,1008022,3751,0,0,0,3751
11991,1009001,87376,24,24,0,87400
11992,1009002,87421,0,0,0,87421
11993,1009003,4493,0,0,0,4493
11994,1009004,5839,75,75,0,5914
11995,1009005,7582,0,0,0,7582
11996,1009006,3935,0,0,0,3935
11997,1009007,38200,0,0,0,38200
11998,1009008,28943,0,0,0,28943
11999,1009009,8725,101,101,0,8826
12000,1009010,47600,0,0,0,47600
12001,1009011,27802,0,0,0,27802
12002,1009012,56070,0,0,0,56070
12003,1009013,5893,0,0,0,5893
12004,1009014,14818,0,0,0,14818
12005,1009015,7286,0,0,0,7286
12006,1009016,6431,0,0,0,6431
12007,1009017,11476,0,0,0,11476
12008,1009018,5332,214,214,0,5546
12009,1010001,15908,0,0,0,15908
12010,1010002,7299,489,489,0,7788
12011,1010003,29869,0,0,0,29869
12012,1010004,8342,1413,1413,0,9755
12013,1010005,8686,0,0,0,8686
12014,1011001,2905,0,0,0,2905
12015,1011002,28454,0,0,0,28454
12016,1011003,6546,0,0,0,6546
12017,1011004,12240,101,101,0,12341
12018,1012001,200336,85,85,0,200421
12019,1012002,164083,9740,9740,0,173823
12020,1012003,5242,0,0,0,5242
12021,1012004,25478,0,0,0,25478
12022,1012005,49458,8089,8089,0,57547
12023,1012006,33475,0,0,0,33475
12024,1012007,16163,0,0,0,16163
12025,1012008,5322,0,0,0,5322
12026,1012009,3843,0,0,0,3843
12027,1012010,61470,1342,1342,0,62812
12028,1012011,13619,0,0,0,13619
12029,1012012,57542,2059,2059,0,59601
12030,1012013,16774,2776,2776,0,19550
12031,1012014,31802,298,298,0,32100
12032,1012015,3278,0,0,0,3278
12033,1012016,8185,0,0,0,8185
12034,1012017,3714,0,0,0,3714
12035,1012018,16195,0,0,0,16195
12036,1012019,3180,0,0,0,3180
12037,1012020,23792,0,0,0,23792
12038,1012021,24448,0,0,0,24448
12039,1012022,2518,0,0,0,2518
12040,1013001,39407,0,0,0,39407
12041,1013002,47081,479,479,0,47560
12042,1013003,1798,0,0,0,1798
12043,1013004,30137,9716,9716,0,39853
12044,1013005,13308,0,0,0,13308
12045,1013006,24842,0,0,0,24842
12046,1013007,8654,0,0,0,8654
12047,1013008,22010,2647,2647,0,24657
12048,1013009,16963,2525,2525,0,19488
12049,1013010,25037,504,504,0,25541
12050,1014001,22865,4989,4989,0,27854
12051,1014002,8176,0,0,0,8176
12052,1015001,30837,945,945,0,31782
12053,1015002,80743,523,523,0,81266
12054,1015003,7760,108,108,0,7868
12055,1015004,13926,1928,1928,0,15854
12056,1015005,28484,1476,1476,0,29960
12057,1015006,15438,721,721,0,16159
12058,1015007,4484,998,998,0,5482
12059,1015008,36710,4770,4770,0,41480
12060,1015009,30363,449,449,0,30812
12061,1015010,4144,0,0,0,4144
12062,1015011,9829,91,91,0,9920
12063,1015012,20665,78,78,0,20743
12064,1015013,7365,0,0,0,7365
12065,1015014,9498,0,0,0,9498
12066,1015015,22363,222,222,0,22585
12067,1015016,59674,8199,8199,0,67873
12068,1015017,21203,0,0,0,21203
12069,1015018,10211,1195,1195,0,11406
12070,1016001,22950,2481,2481,0,25431
12071,1016002,29128,92,92,0,29220
12072,1016003,35913,1492,1492,0,37405
12073,1017001,62819,84,84,0,62903
12074,1017002,19568,0,0,0,19568
12075,1017003,24685,0,0,0,24685
12076,1017004,47692,32,32,0,47724
12077,1017005,27749,0,0,0,27749
12078,1017006,3263,0,0,0,3263
12079,1017007,20771,36,36,0,20807
12080,1017008,32049,0,0,0,32049
12081,1017009,13836,0,0,0,13836
12082,1017010,22844,0,0,0,22844
12083,1017011,5065,0,0,0,5065
12084,1017012,14080,0,0,0,14080
12085,1017013,49685,0,0,0,49685
12086,1017014,6872,0,0,0,6872
12087,1017015,36753,0,0,0,36753
12088,1017016,31090,0,0,0,31090
12089,1017017,23606,0,0,0,23606
12090,1017018,4953,0,0,0,4953
12091,1017019,56871,0,0,0,56871
12092,1017020,54581,0,0,0,54581
12093,1017021,23683,0,0,0,23683
12094,1017022,11828,0,0,0,11828
12095,1017023,8185,0,0,0,8185
12096,1017024,79672,301,301,0,79973
12097,1017025,16166,0,0,0,16166
12098,1017026,172354,168,168,0,172522
12099,1018001,13606,0,0,0,13606
12100,1018002,36785,598,598,0,37383
12101,1018003,17076,72,72,0,17148
12102,1018004,20118,56,56,0,20174
12103,1018005,76036,0,0,0,76036
12104,1018006,45461,0,0,0,45461
12105,1018007,45628,80,80,0,45708
12106,1018008,25005,0,0,0,25005
12107,1019001,42190,0,0,0,42190
12108,1019002,31459,0,0,0,31459
12109,1019003,50884,0,0,0,50884
12110,1019004,60690,962,962,0,61652
12111,1019005,6257,0,0,0,6257
12112,1020001,128570,41020,3941,37079,169590
12113,1020002,1158116,63812,63812,0,1221928
12114,1020003,146843,12425,12076,349,159268
12115,1020004,21378,698,698,0,22076
12116,1021001,16699,61064,212,60852,77763
12117,1021002,193567,75547,7711,67836,269114
12118,1021003,90724,327588,3965,323623,418312
12119,1021004,16255,72317,0,72317,88572
12120,1021005,24338,140416,0,140416,164754
12121,1021006,160868,5287,995,4292,166155
12122,1021007,306387,781036,825,780211,1087423
12123,1021008,24421,22176,3655,18521,46597
12124,1021009,65555,59565,383,59182,125120
12125,1021010,119557,1279,1279,0,120836
12126,1021011,123900,308140,948,307192,432040
12127,1021012,0,4268,0,4268,4268
12128,1021013,31180,775,775,0,31955
12129,1022001,845161,3531,3497,34,848692
12130,1022002,481861,4434,4434,0,486295
12131,1022003,18951,1953,1953,0,20904
12132,1022004,11746,1849,1849,0,13595
12133,1022005,574987,3371,3371,0,578358
12134,1022006,386740,8196,8196,0,394936
12135,1022007,327615,2112,2112,0,329727
12136,1023001,184467,281090,919,280171,465557
12137,1023002,35406,63775,618,63157,99181
12138,1023003,316786,4998,4998,0,321784
12139,1023004,56891,828,828,0,57719
12140,1023005,210737,5444,5444,0,216181
12141,1023006,36267,60406,0,60406,96673
12142,1023007,89174,857,675,182,90031
12143,1024001,640968,20437,20437,0,661405
12144,1024002,52200,2240,2240,0,54440
12145,1024003,2875780,24982,24982,0,2900762
12146,1024004,49231,4707,4707,0,53938
12147,1024005,65888,382,382,0,66270
12148,1024006,420273,10170,10170,0,430443
12149,1024007,591211,2742,2742,0,593953
12150,1024008,10914,0,0,0,10914
12151,1024009,105741,873,873,0,106614
12152,1024010,108828,7900,7900,0,116728
12153,1024011,528821,59618,59618,0,588439
12154,1024012,67959,0,0,0,67959
12155,1024013,229306,1846,1846,0,231152
12156,1024014,267243,357,357,0,267600
12157,1024015,22362,2236,2236,0,24598
12158,1024016,423594,3248,3248,0,426842
12159,1024017,47099,4601,4601,0,51700
12160,1024018,297957,6639,6639,0,304596
12161,1024019,337886,12631,12631,0,350517
12162,1024020,418408,6253,6253,0,424661
12163,1024021,161371,7050,7050,0,168421
12164,1024022,215711,11622,11622,0,227333
12165,1024023,453741,28641,28641,0,482382
12166,1024024,127343,5631,5631,0,132974
12167,1024025,619364,34902,34902,0,654266
12168,1024026,264189,7805,7805,0,271994
12169,1024027,59309,2208,2208,0,61517
12170,1024028,692635,24501,24501,0,717136
12171,1024029,86420,1637,1637,0,88057
12172,1024030,327201,3796,3796,0,330997
12173,1024031,76060,1514,1514,0,77574
12174,1025001,237364,14523,14523,0,251887
12175,1025002,34386,0,0,0,34386
12176,1025003,148263,0,0,0,148263
12177,1026001,31150,186,186,0,31336
12178,1026002,684559,22464,22464,0,707023
12179,1027001,311975,399,399,0,312374
12180,1027002,277416,0,0,0,277416
12181,1027003,98819,140535,0,140535,239354
12182,1027004,11658,2680098,33,2680065,2691756
12183,1027005,60495,0,0,0,60495
12184,1027006,181208,0,0,0,181208
12185,1027007,15059,13236,244,12992,28295
12186,1027008,207914,113337,762,112575,321251
12187,1027009,67218,3566,3550,16,70784
12188,1027010,18721,49368,0,49368,68089
12189,1028001,371262,3722,3722,0,374984
12190,1028002,274324,997,997,0,275321
12191,1028003,375135,31092,31092,0,406227
12192,1028004,118345,1013,1013,0,119358
12193,1028005,47043,1425,1425,0,48468
12194,1028006,422845,8370,8370,0,431215
12195,1028007,157648,1923,1923,0,159571
12196,1028008,120477,3486,3486,0,123963
12197,1028009,468589,4862,4862,0,473451
12198,1028010,242468,4305,4305,0,246773
12199,1028011,1125610,16583,16583,0,1142193
12200,1028012,314458,32305,32305,0,346763
12201,1028013,334595,3907,3907,0,338502
12202,1028014,542440,5699,5699,0,548139
12203,1028015,42086,3216,3216,0,45302
12204,1028016,996059,7263,7263,0,1003322
12205,1028017,616924,22725,22725,0,639649
12206,1028018,17685,2009,2009,0,19694
12207,1028019,285720,6866,6866,0,292586
12208,1028020,1787,29,29,0,1816
12209,1028021,1713,48,48,0,1761
12210,1028022,243996,1013,1013,0,245009
12211,1028023,70706,6535,6535,0,77241
12212,1028024,1427,30,30,0,1457
12213,1028025,134889,3002,3002,0,137891
12214,1028026,1171363,23434,23434,0,1194797
12215,1028027,839759,19536,19536,0,859295
12216,1028028,100854,404,404,0,101258
12217,1028029,37713,3426,3426,0,41139
12218,1028030,80650,0,0,0,80650
12219,1029001,104418,1921,1921,0,106339
12220,1029002,18527,12414,229,12185,30941
12221,1029003,56215,100769,360,100409,156984
12222,1029004,392225,2877,2877,0,395102
12223,1029005,25457,120988,188,120800,146445
12224,1029006,11617,8716,8716,0,20333
12225,1029007,155909,76327,1730,74597,232236
12226,1030001,81127,52110,52110,0,133237
12227,1030002,55773,27980,27980,0,83753
12228,1030003,46331,7282,7282,0,53613
12229,1030004,181232,9223,9223,0,190455
12230,1030005,148700,2222,2222,0,150922
12231,1030006,109418,12398,12398,0,121816
12232,1030007,54378,5338,5338,0,59716
12233,1030008,33153,2219,2219,0,35372
12234,1030009,17272,396,396,0,17668
12235,1030010,20111,16927,16927,0,37038
12236,1030011,21256,7245,7245,0,28501
12237,1030012,14537,1318,1318,0,15855
12238,1030013,38672,5379,5379,0,44051
12239,1030014,36487,1302,1302,0,37789
12240,1030015,12812,685,685,0,13497
12241,1030016,22071,0,0,0,22071
12242,1030017,9112,1180,1180,0,10292
12243,1030018,43020,3926,3926,0,46946
12244,1030019,69970,1030,1030,0,71000
12245,1030020,33945,3453,3453,0,37398
12246,1030021,97305,3294,3294,0,100599
12247,1030022,85231,5866,5866,0,91097
12248,1030023,23201,0,0,0,23201
12249,1030024,46733,834,834,0,47567
12250,1030025,53235,1845,1845,0,55080
12251,1030026,129072,20,20,0,129092
12252,1030027,23667,0,0,0,23667
12253,1030028,235296,1075,1075,0,236371
12254,1030029,159397,8894,8894,0,168291
12255,1030030,30384,0,0,0,30384
12256,1030031,19955,0,0,0,19955
12257,1030032,20252,0,0,0,20252
12258,1030033,17863,0,0,0,17863
12259,1030034,33973,1920,1920,0,35893
12260,1030035,58199,3061,3061,0,61260
12261,1030036,15279,1,1,0,15280
12262,1030037,44801,0,0,0,44801
12263,1030038,9686,0,0,0,9686
12264,1030039,185282,5260,5260,0,190542
12265,1030040,305202,5150,5150,0,310352
12266,1030041,35542,99,99,0,35641
12267,1030042,74082,459,459,0,74541
12268,1030043,163769,2,2,0,163771
12269,1030044,50986,771,771,0,51757
12270,1030045,35224,0,0,0,35224
12271,1030046,151916,567,567,0,152483
12272,1030047,278362,2787,2787,0,281149
12273,1030048,16222,145,145,0,16367
12274,1030049,57723,1013,1013,0,58736
12275,1031001,16632,3116,571,2545,19748
12276,1031002,38479,1066674,0,1066674,1105153
12277,1031003,45085,39030,970,38060,84115
12278,1031004,8764,40691,0,40691,49455
12279,1031005,19728,0,0,0,19728
12280,1031006,14061,0,0,0,14061
12281,1031007,42786,4443,0,4443,47229
12282,1031008,28124,41014,0,41014,69138
12283,1031009,20539,1,1,0,20540
12284,1031010,49568,55082,0,55082,104650
12285,1031011,20961,917,868,49,21878
12286,1031012,7798,63222,145,63077,71020
12287,1031013,2783,7722,0,7722,10505
12288,1031014,17633,0,0,0,17633
12289,1031015,7756,1657,851,806,9413
12290,1031016,17543,119774,726,119048,137317
12291,1031017,22932,6870,0,6870,29802
12292,1031018,214107,2250,2188,62,216357
12293,1031019,15462,51501,16,51485,66963
12294,1031020,43158,625,0,625,43783
12295,1031021,14323,1572,1518,54,15895
12296,1031022,19589,2924,224,2700,22513
12297,1031023,13412,3708,473,3235,17120
12298,1031024,251169,10891,10891,0,262060
12299,1031025,630722,5840,5840,0,636562
12300,1031026,123959,151,151,0,124110
12301,1031027,26673,593,593,0,27266
12302,1031028,1045,477,372,105,1522
12303,1031029,94237,2047,2047,0,96284
12304,1031030,2101,1001,1001,0,3102
12305,1031031,9593,1774,1774,0,11367
12306,1031032,222993,4661,4661,0,227654
12307,1031033,97774,7772,7772,0,105546
12308,1031034,294550,1316,1316,0,295866
12309,1031035,253905,5516,5516,0,259421
12310,1031036,433917,3284,3284,0,437201
12311,1031037,183398,115,115,0,183513
12312,9593001,28084,1439,1439,0,29523
12313,9593002,106447,26,26,0,106473
12314,9607001,224161,374,374,0,224535
12315,9607002,80413,0,0,0,80413
12316,9607003,371794,307,307,0,372101
12317,9607004,29230,0,0,0,29230
12318,9607005,209190,183,183,0,209373
12319,9607006,47768,0,0,0,47768
12320,9608001,80683,0,0,0,80683
12321,9608002,13423,5240,5240,0,18663
12322,9608003,55560,318,318,0,55878
12323,9609001,33537,1179,1179,0,34716
12324,9609002,88602,3049,3049,0,91651
12325,9609003,68680,1431,1431,0,70111
12326,9609004,2136,1104,1104,0,3240
12327,9609005,20470,2168,2168,0,22638
12328,9609006,20545,0,0,0,20545
12329,9687001,39428,1193,1193,0,40621
12330,9687002,43897,52,52,0,43949
12331,9687003,38990,978,978,0,39968
12332,9687004,45519,2160,2160,0,47679
12333,9687005,17037,133,133,0,17170
12334,9687006,13031,2501,2501,0,15532
12335,9687007,23282,687,687,0,23969
12336,9687008,21667,0,0,0,21667
12337,9687009,45386,2142,2142,0,47528
12338,9687010,22791,88,88,0,22879
12339,9687011,60471,0,0,0,60471
12340,9787001,25619,0,0,0,25619
12341,9787002,7291,0,0,0,7291
12342,9787003,108903,921,921,0,109824
12343,9787004,51228,388,388,0,51616
